203
KF155002   0.0000000 0.0128317 0.0129283 0.0280212 0.0129283 0.0291405 0.0137628 0.0280299 0.0292241 0.0143405 0.0139661 0.0294370 0.0144664 0.0141791 0.0141791 0.0289519 0.0132022 0.0134783 0.0134783 0.0133834 0.0133834 0.0134845 0.0143712 0.0280216 0.0275408 0.0146964 0.0132883 0.0145704 0.0282341 0.0234182 0.0233305 0.0126366 0.0123446 0.0281299 0.0029821 0.0116371 0.0021180 0.0279627 0.0278281 0.0125574 0.0445403 0.0444228 0.0653013 0.0114480 0.0023881 0.0404585 0.0653013 0.0116366 0.0020439 0.0136829 0.0141496 0.0334715 0.0123690 0.0266289 0.0146442 0.0088836 0.0066824 0.0239982 0.0238032 0.0237854 0.0229710 0.0084261 0.0014412 0.0172911 0.0295686 0.0137656 0.0146416 0.0147914 0.0280269 0.0080943 0.0293289 0.0305228 0.0150948 0.0277573 0.0146071 0.0147908 0.0135808 0.0115324 0.0296496 0.0297765 0.0116087 0.0137629 0.0138148 0.0298802 0.0281896 0.0147531 0.0144827 0.0251848 0.0129384 0.0095938 0.0128317 0.0281827 0.0140838 0.0137327 0.0141846 0.0296709 0.0100654 0.0132036 0.0144670 0.0134784 0.0133834 0.0298682 0.0134986 0.0143828 0.0296519 0.0133834 0.0133711 0.0294264 0.0134011 0.0285851 0.0132022 0.0143558 0.0281887 0.0135613 0.0135603 0.0146499 0.0140504 0.0135641 0.0135604 0.0282946 0.0290167 0.0290193 0.0290167 0.0297628 0.0135615 0.0136639 0.0138006 0.0303002 0.0150821 0.0284118 0.0300039 0.0146576 0.0291234 0.0149031 0.0155506 0.0298678 0.0298711 0.0141602 0.0136580 0.0147535 0.0299758 0.0076370 0.0140723 0.0300847 0.0148912 0.0294048 0.0277211 0.0280216 0.0277290 0.0299762 0.0298284 0.0293367 0.0145060 0.0139876 0.0149842 0.0135799 0.0136618 0.0131938 0.0137614 0.0138663 0.0291214 0.0148870 0.0148870 0.0146720 0.0146760 0.0135857 0.0137629 0.0136691 0.0137672 0.0146636 0.0299852 0.0145787 0.0280269 0.0137663 0.0144711 0.0277903 0.0298477 0.0284573 0.0106689 0.0119845 0.0018631 0.0147659 0.0095639 0.0130586 0.0109938 0.0133955 0.0066471 0.0138332 0.0134302 0.0137438 0.0153624 0.0133966 0.0157314 0.0043830 0.0133293 0.0040682 0.0057989 0.0121529 0.0270246 0.0133471 0.0302866 0.0160427 0.0115161 
KR534217   0.0128317 0.0000000 0.0000839 0.0272807 0.0000839 0.0283939 0.0043128 0.0275127 0.0284753 0.0040207 0.0040204 0.0286898 0.0041070 0.0038459 0.0038459 0.0285387 0.0032405 0.0031512 0.0031512 0.0030649 0.0030649 0.0031526 0.0040201 0.0272810 0.0263809 0.0043932 0.0029785 0.0041962 0.0274926 0.0225576 0.0222554 0.0004209 0.0019487 0.0269622 0.0122892 0.0115396 0.0125446 0.0275462 0.0268743 0.0053466 0.0440352 0.0440518 0.0639092 0.0113499 0.0130030 0.0407863 0.0639092 0.0115391 0.0122392 0.0035005 0.0040212 0.0356834 0.0030069 0.0278351 0.0042829 0.0108818 0.0119500 0.0231254 0.0227268 0.0227098 0.0221738 0.0113608 0.0124034 0.0222603 0.0287208 0.0034109 0.0042822 0.0044806 0.0272862 0.0049811 0.0283687 0.0293407 0.0047488 0.0266090 0.0041319 0.0043051 0.0032393 0.0004203 0.0284742 0.0290272 0.0014388 0.0034104 0.0045491 0.0284769 0.0268142 0.0199653 0.0042862 0.0245115 0.0002519 0.0027589 0.0000010 0.0274402 0.0037581 0.0033436 0.0039350 0.0284947 0.0053742 0.0028903 0.0041072 0.0031512 0.0030649 0.0286911 0.0033287 0.0040232 0.0284764 0.0030649 0.0032404 0.0286916 0.0034158 0.0281754 0.0035867 0.0040423 0.0268133 0.0034136 0.0034134 0.0044614 0.0037580 0.0034143 0.0034134 0.0269184 0.0282703 0.0282728 0.0282703 0.0285864 0.0034137 0.0035021 0.0038561 0.0291200 0.0046449 0.0270339 0.0290381 0.0044641 0.0281638 0.0046357 0.0053677 0.0286907 0.0286939 0.0037621 0.0035006 0.0045517 0.0287979 0.0059785 0.0039369 0.0289060 0.0049234 0.0285536 0.0275241 0.0272810 0.0273182 0.0287983 0.0288783 0.0288032 0.0040431 0.0045960 0.0044808 0.0035852 0.0035015 0.0028924 0.0037577 0.0036735 0.0283763 0.0043928 0.0043928 0.0042854 0.0042866 0.0033274 0.0034104 0.0033242 0.0034114 0.0042827 0.0288069 0.0041988 0.0272862 0.0034110 0.0041473 0.0265290 0.0288969 0.0270770 0.0060152 0.0073040 0.0130353 0.0053387 0.0048342 0.0048127 0.0042492 0.0049756 0.0057454 0.0052246 0.0057596 0.0047824 0.0052518 0.0049615 0.0063851 0.0124888 0.0046592 0.0131963 0.0128928 0.0046155 0.0240595 0.0049263 0.0295258 0.0066670 0.0036964 
KR534218   0.0129283 0.0000839 0.0000000 0.0271696 0.0000010 0.0282815 0.0044013 0.0274009 0.0283625 0.0039331 0.0039329 0.0285772 0.0040194 0.0037576 0.0037576 0.0284256 0.0031537 0.0030645 0.0030645 0.0029783 0.0029783 0.0030659 0.0039326 0.0271699 0.0262709 0.0043049 0.0028920 0.0041085 0.0273813 0.0224513 0.0221494 0.0003357 0.0018630 0.0268511 0.0123855 0.0114448 0.0126409 0.0274346 0.0267633 0.0052577 0.0439051 0.0439222 0.0637564 0.0112546 0.0131003 0.0406602 0.0637564 0.0114444 0.0123357 0.0034134 0.0039337 0.0355626 0.0029195 0.0277214 0.0041951 0.0107854 0.0120456 0.0230188 0.0226205 0.0226037 0.0220682 0.0112662 0.0124999 0.0221545 0.0286080 0.0033240 0.0041944 0.0043923 0.0271751 0.0048912 0.0282564 0.0292274 0.0046602 0.0264986 0.0040439 0.0042169 0.0031525 0.0003362 0.0283618 0.0289143 0.0013535 0.0033235 0.0044610 0.0283645 0.0267037 0.0198535 0.0041983 0.0244018 0.0001679 0.0026714 0.0000839 0.0273288 0.0036709 0.0032562 0.0038476 0.0283822 0.0052834 0.0028039 0.0040196 0.0030645 0.0029783 0.0285785 0.0032417 0.0039356 0.0283640 0.0029783 0.0031536 0.0285786 0.0033288 0.0280632 0.0034996 0.0039543 0.0267028 0.0033267 0.0033264 0.0043734 0.0036708 0.0033274 0.0033265 0.0268078 0.0281582 0.0281606 0.0281582 0.0284739 0.0033267 0.0034150 0.0037675 0.0290069 0.0045566 0.0269232 0.0289251 0.0043761 0.0280517 0.0045475 0.0052785 0.0285781 0.0285813 0.0036737 0.0034136 0.0044635 0.0286852 0.0058876 0.0038494 0.0287931 0.0048346 0.0284404 0.0274126 0.0271699 0.0272065 0.0286856 0.0287651 0.0286904 0.0039551 0.0045071 0.0043925 0.0034981 0.0034145 0.0028060 0.0036705 0.0035863 0.0282640 0.0043045 0.0043045 0.0041976 0.0041987 0.0032405 0.0033235 0.0032373 0.0033245 0.0041949 0.0286941 0.0041110 0.0271751 0.0033242 0.0040588 0.0264186 0.0287837 0.0269661 0.0059133 0.0071749 0.0131322 0.0053387 0.0047285 0.0047228 0.0041481 0.0048619 0.0055971 0.0051350 0.0056652 0.0046931 0.0051617 0.0048505 0.0062801 0.0125889 0.0045690 0.0132944 0.0129926 0.0045103 0.0239339 0.0048185 0.0294060 0.0064848 0.0036021 
KR534219   0.0280212 0.0272807 0.0271696 0.0000000 0.0271696 0.0018635 0.0293030 0.0053520 0.0019539 0.0288489 0.0287603 0.0021183 0.0284624 0.0281421 0.0281421 0.0023014 0.0278995 0.0277050 0.0277050 0.0276572 0.0276570 0.0277768 0.0283568 0.0010110 0.0119024 0.0287414 0.0275504 0.0285883 0.0005034 0.0274508 0.0271356 0.0273699 0.0264957 0.0102959 0.0273297 0.0269998 0.0275457 0.0014375 0.0100249 0.0265757 0.0417508 0.0415411 0.0599104 0.0269171 0.0284102 0.0399456 0.0599104 0.0269976 0.0275393 0.0281626 0.0288554 0.0375655 0.0265584 0.0040990 0.0290894 0.0262439 0.0271250 0.0276043 0.0276177 0.0275967 0.0267669 0.0265128 0.0273971 0.0122581 0.0050751 0.0280880 0.0290839 0.0288461 0.0010111 0.0137173 0.0047192 0.0053349 0.0294145 0.0120026 0.0288655 0.0290601 0.0278870 0.0258399 0.0048066 0.0023760 0.0261104 0.0280811 0.0286050 0.0048997 0.0119090 0.0119755 0.0287086 0.0105592 0.0274172 0.0264716 0.0272807 0.0012674 0.0280362 0.0280866 0.0282662 0.0046346 0.0272094 0.0276892 0.0284636 0.0277635 0.0276570 0.0048070 0.0279132 0.0283811 0.0046320 0.0276572 0.0276318 0.0050874 0.0281331 0.0050730 0.0281117 0.0283173 0.0119086 0.0278451 0.0276315 0.0286629 0.0285179 0.0278513 0.0278432 0.0120019 0.0047133 0.0047137 0.0047133 0.0048950 0.0278457 0.0279701 0.0286023 0.0051582 0.0291739 0.0121930 0.0050768 0.0286750 0.0046259 0.0293552 0.0298996 0.0051581 0.0050706 0.0283274 0.0279560 0.0287818 0.0050702 0.0057913 0.0280134 0.0049826 0.0296203 0.0049231 0.0017767 0.0010110 0.0011858 0.0048947 0.0052588 0.0023755 0.0287468 0.0288730 0.0290627 0.0283105 0.0279642 0.0274450 0.0285158 0.0284310 0.0048081 0.0291673 0.0291673 0.0287031 0.0287115 0.0280098 0.0280811 0.0279774 0.0278784 0.0286896 0.0049836 0.0286028 0.0010111 0.0280894 0.0288746 0.0120140 0.0050857 0.0121170 0.0267613 0.0266560 0.0284796 0.0301117 0.0252325 0.0285502 0.0270592 0.0268308 0.0255204 0.0287439 0.0289533 0.0286440 0.0291023 0.0281526 0.0297233 0.0291146 0.0281515 0.0285231 0.0305720 0.0277819 0.0113164 0.0279968 0.0079191 0.0319260 0.0264279 
KR534220   0.0129283 0.0000839 0.0000010 0.0271696 0.0000000 0.0282815 0.0044013 0.0274009 0.0283625 0.0039331 0.0039329 0.0285772 0.0040194 0.0037576 0.0037576 0.0284256 0.0031537 0.0030645 0.0030645 0.0029783 0.0029783 0.0030659 0.0039326 0.0271699 0.0262709 0.0043049 0.0028920 0.0041085 0.0273813 0.0224513 0.0221494 0.0003357 0.0018630 0.0268511 0.0123855 0.0114448 0.0126409 0.0274346 0.0267633 0.0052577 0.0439051 0.0439222 0.0637564 0.0112546 0.0131003 0.0406602 0.0637564 0.0114444 0.0123357 0.0034134 0.0039337 0.0355626 0.0029195 0.0277214 0.0041951 0.0107854 0.0120456 0.0230188 0.0226205 0.0226037 0.0220682 0.0112662 0.0124999 0.0221545 0.0286080 0.0033240 0.0041944 0.0043923 0.0271751 0.0048912 0.0282564 0.0292274 0.0046602 0.0264986 0.0040439 0.0042169 0.0031525 0.0003362 0.0283618 0.0289143 0.0013535 0.0033235 0.0044610 0.0283645 0.0267037 0.0198535 0.0041983 0.0244018 0.0001679 0.0026714 0.0000839 0.0273288 0.0036709 0.0032562 0.0038476 0.0283822 0.0052834 0.0028039 0.0040196 0.0030645 0.0029783 0.0285785 0.0032417 0.0039356 0.0283640 0.0029783 0.0031536 0.0285786 0.0033288 0.0280632 0.0034996 0.0039543 0.0267028 0.0033267 0.0033264 0.0043734 0.0036708 0.0033274 0.0033265 0.0268078 0.0281582 0.0281606 0.0281582 0.0284739 0.0033267 0.0034150 0.0037675 0.0290069 0.0045566 0.0269232 0.0289251 0.0043761 0.0280517 0.0045475 0.0052785 0.0285781 0.0285813 0.0036737 0.0034136 0.0044635 0.0286852 0.0058876 0.0038494 0.0287931 0.0048346 0.0284404 0.0274126 0.0271699 0.0272065 0.0286856 0.0287651 0.0286904 0.0039551 0.0045071 0.0043925 0.0034981 0.0034145 0.0028060 0.0036705 0.0035863 0.0282640 0.0043045 0.0043045 0.0041976 0.0041987 0.0032405 0.0033235 0.0032373 0.0033245 0.0041949 0.0286941 0.0041110 0.0271751 0.0033242 0.0040588 0.0264186 0.0287837 0.0269661 0.0059133 0.0071749 0.0131322 0.0053387 0.0047285 0.0047228 0.0041481 0.0048619 0.0055971 0.0051350 0.0056652 0.0046931 0.0051617 0.0048505 0.0062801 0.0125889 0.0045690 0.0132944 0.0129926 0.0045103 0.0239339 0.0048185 0.0294060 0.0064848 0.0036021 
KR534228   0.0291405 0.0283939 0.0282815 0.0018635 0.0282815 0.0000000 0.0304158 0.0058906 0.0000842 0.0299756 0.0298866 0.0002519 0.0295859 0.0292627 0.0292627 0.0004215 0.0289928 0.0288210 0.0288210 0.0287720 0.0287718 0.0288907 0.0294794 0.0008433 0.0124854 0.0298664 0.0286642 0.0297081 0.0018635 0.0281359 0.0278241 0.0284751 0.0275999 0.0109735 0.0284199 0.0281051 0.0286613 0.0007582 0.0106922 0.0276597 0.0427344 0.0425577 0.0608095 0.0280054 0.0292970 0.0409170 0.0608095 0.0281027 0.0286595 0.0292840 0.0299824 0.0385218 0.0276496 0.0022471 0.0302102 0.0273458 0.0282107 0.0282861 0.0283081 0.0282865 0.0274286 0.0275912 0.0284902 0.0132254 0.0056094 0.0292070 0.0302133 0.0299746 0.0008433 0.0145999 0.0052551 0.0058747 0.0305229 0.0125831 0.0299862 0.0301905 0.0289931 0.0269409 0.0053430 0.0005049 0.0272123 0.0291997 0.0297191 0.0054372 0.0124923 0.0119984 0.0298354 0.0115081 0.0285084 0.0275882 0.0283939 0.0019509 0.0291558 0.0292076 0.0293799 0.0051663 0.0282129 0.0288054 0.0295872 0.0288793 0.0287718 0.0053435 0.0290070 0.0294794 0.0051673 0.0287720 0.0285314 0.0056260 0.0292291 0.0056114 0.0292067 0.0294204 0.0124919 0.0289608 0.0287452 0.0297881 0.0296410 0.0289589 0.0289589 0.0125857 0.0054246 0.0054246 0.0054246 0.0054320 0.0289589 0.0290793 0.0297093 0.0056969 0.0303056 0.0127783 0.0058768 0.0298005 0.0053365 0.0304856 0.0310371 0.0056968 0.0056088 0.0294495 0.0290731 0.0299082 0.0056082 0.0065196 0.0291321 0.0055201 0.0307477 0.0054591 0.0017798 0.0008433 0.0010174 0.0054317 0.0057948 0.0005048 0.0298721 0.0299806 0.0301905 0.0294233 0.0290731 0.0285578 0.0296388 0.0295317 0.0053447 0.0302987 0.0302987 0.0298296 0.0298296 0.0291042 0.0291997 0.0290951 0.0289871 0.0298159 0.0055213 0.0297288 0.0008435 0.0292085 0.0300083 0.0125885 0.0056256 0.0127003 0.0278687 0.0280541 0.0296042 0.0312906 0.0263833 0.0296746 0.0283027 0.0280890 0.0269574 0.0298531 0.0300046 0.0297526 0.0302195 0.0292573 0.0310181 0.0302636 0.0292694 0.0296349 0.0316126 0.0293371 0.0118742 0.0292020 0.0085961 0.0339969 0.0275930 
KR534229   0.0137628 0.0043128 0.0044013 0.0293030 0.0044013 0.0304158 0.0000000 0.0289979 0.0304190 0.0015320 0.0005937 0.0307426 0.0048373 0.0045728 0.0045728 0.0303083 0.0031709 0.0033453 0.0033453 0.0032583 0.0032583 0.0033453 0.0047493 0.0293034 0.0283831 0.0051303 0.0031713 0.0049271 0.0295193 0.0246331 0.0245905 0.0045819 0.0029978 0.0287672 0.0134876 0.0134121 0.0138598 0.0294364 0.0286538 0.0071655 0.0458714 0.0455550 0.0669133 0.0133697 0.0141444 0.0431672 0.0669133 0.0134103 0.0135831 0.0036103 0.0014462 0.0376480 0.0032684 0.0292515 0.0009346 0.0126987 0.0132418 0.0254689 0.0250503 0.0250503 0.0242616 0.0134098 0.0136668 0.0240593 0.0304161 0.0036071 0.0009347 0.0052192 0.0293034 0.0059693 0.0301990 0.0311897 0.0054871 0.0283793 0.0048651 0.0050414 0.0036073 0.0026583 0.0303059 0.0310856 0.0027411 0.0036066 0.0051955 0.0305396 0.0288251 0.0207532 0.0050191 0.0263102 0.0044013 0.0058075 0.0043128 0.0294438 0.0044849 0.0035404 0.0045734 0.0303015 0.0054636 0.0030869 0.0048375 0.0033453 0.0032583 0.0305272 0.0034323 0.0047493 0.0303019 0.0032583 0.0034355 0.0301896 0.0033447 0.0297710 0.0035188 0.0046670 0.0288241 0.0036101 0.0036098 0.0051971 0.0038700 0.0036098 0.0036098 0.0289313 0.0303140 0.0303140 0.0303140 0.0304205 0.0036098 0.0038743 0.0037812 0.0309643 0.0053840 0.0288339 0.0310997 0.0052002 0.0302052 0.0022217 0.0061183 0.0306360 0.0305301 0.0039615 0.0036988 0.0052889 0.0306360 0.0071051 0.0046658 0.0307462 0.0053972 0.0301377 0.0293231 0.0293034 0.0290808 0.0306364 0.0304616 0.0308596 0.0047759 0.0052272 0.0052190 0.0036946 0.0036988 0.0030845 0.0036935 0.0036935 0.0301983 0.0051302 0.0051302 0.0050187 0.0050187 0.0034327 0.0036066 0.0036941 0.0036067 0.0050155 0.0307524 0.0049310 0.0293090 0.0036073 0.0047763 0.0285048 0.0305236 0.0290885 0.0069544 0.0088355 0.0141622 0.0063905 0.0050437 0.0055292 0.0050761 0.0048579 0.0052944 0.0059574 0.0067227 0.0056914 0.0060603 0.0053979 0.0067954 0.0137077 0.0056497 0.0141964 0.0141081 0.0050538 0.0258659 0.0049207 0.0317037 0.0073949 0.0046558 
KR534230   0.0280299 0.0275127 0.0274009 0.0053520 0.0274009 0.0058906 0.0289979 0.0000000 0.0059790 0.0287610 0.0283443 0.0061558 0.0287015 0.0283793 0.0283793 0.0058106 0.0274669 0.0277266 0.0277266 0.0276786 0.0276784 0.0277854 0.0285953 0.0051756 0.0123368 0.0289800 0.0275713 0.0288228 0.0053521 0.0278336 0.0277962 0.0272688 0.0267227 0.0112805 0.0273260 0.0274403 0.0277794 0.0050934 0.0110007 0.0270988 0.0421735 0.0421056 0.0602280 0.0271572 0.0285347 0.0405878 0.0602280 0.0274380 0.0279058 0.0279730 0.0285466 0.0376415 0.0264756 0.0077215 0.0291089 0.0267977 0.0272012 0.0282594 0.0282599 0.0282599 0.0269681 0.0267229 0.0276399 0.0100352 0.0014405 0.0281113 0.0291120 0.0290879 0.0051756 0.0139272 0.0012697 0.0022102 0.0296427 0.0125242 0.0290990 0.0293032 0.0278984 0.0258466 0.0016960 0.0064253 0.0262302 0.0281044 0.0284043 0.0018675 0.0126167 0.0148733 0.0286267 0.0115117 0.0274077 0.0266708 0.0275127 0.0052706 0.0282727 0.0281100 0.0283815 0.0015255 0.0271182 0.0274843 0.0287027 0.0277854 0.0276784 0.0016961 0.0278136 0.0286033 0.0013546 0.0276786 0.0276531 0.0011848 0.0276792 0.0012700 0.0276792 0.0285505 0.0126163 0.0278673 0.0276527 0.0286889 0.0284289 0.0278655 0.0278655 0.0127105 0.0056176 0.0056176 0.0056176 0.0017817 0.0278655 0.0279847 0.0282284 0.0020384 0.0294177 0.0129037 0.0060722 0.0289154 0.0055291 0.0293844 0.0299302 0.0018671 0.0019529 0.0281385 0.0279788 0.0290229 0.0019527 0.0042877 0.0282497 0.0018672 0.0294110 0.0013580 0.0051787 0.0051756 0.0048316 0.0017816 0.0017844 0.0060678 0.0289854 0.0288980 0.0293032 0.0281134 0.0279788 0.0274654 0.0281000 0.0282116 0.0014402 0.0294111 0.0294111 0.0287281 0.0287281 0.0279028 0.0281044 0.0280002 0.0278927 0.0289302 0.0016110 0.0288430 0.0051765 0.0281128 0.0289241 0.0125349 0.0016108 0.0128244 0.0269132 0.0271316 0.0284902 0.0301516 0.0253763 0.0283517 0.0269703 0.0263113 0.0260802 0.0282352 0.0286464 0.0283511 0.0290129 0.0279169 0.0298719 0.0289226 0.0281714 0.0282281 0.0302698 0.0278166 0.0114433 0.0278896 0.0078333 0.0323988 0.0261180 
KR534231   0.0292241 0.0284753 0.0283625 0.0019539 0.0283625 0.0000842 0.0304190 0.0059790 0.0000000 0.0300618 0.0299726 0.0003367 0.0296710 0.0293467 0.0293467 0.0005070 0.0290815 0.0289036 0.0289036 0.0288544 0.0288542 0.0289620 0.0295641 0.0009304 0.0126131 0.0299525 0.0287462 0.0297936 0.0019539 0.0281689 0.0279039 0.0285566 0.0276786 0.0110965 0.0285068 0.0281851 0.0287435 0.0008450 0.0108161 0.0275314 0.0427390 0.0425675 0.0610025 0.0280083 0.0293001 0.0410432 0.0610025 0.0281827 0.0286570 0.0293681 0.0300687 0.0385486 0.0276525 0.0022473 0.0302972 0.0273458 0.0282967 0.0283671 0.0283675 0.0283675 0.0275123 0.0276750 0.0284931 0.0133564 0.0057136 0.0292908 0.0303003 0.0300610 0.0009304 0.0146013 0.0053571 0.0059789 0.0306170 0.0127112 0.0300727 0.0302776 0.0290762 0.0270178 0.0054454 0.0005908 0.0272899 0.0292834 0.0298046 0.0055400 0.0126201 0.0119973 0.0299213 0.0115093 0.0285956 0.0276441 0.0284753 0.0020421 0.0292395 0.0292915 0.0294644 0.0052689 0.0282159 0.0288880 0.0296722 0.0289620 0.0288542 0.0054458 0.0290957 0.0295698 0.0052681 0.0288544 0.0286130 0.0057137 0.0292961 0.0057147 0.0292961 0.0294235 0.0126197 0.0290438 0.0288275 0.0298737 0.0297261 0.0290418 0.0290418 0.0127138 0.0055270 0.0055270 0.0055270 0.0055346 0.0290418 0.0291627 0.0297442 0.0058004 0.0303930 0.0129071 0.0059810 0.0298862 0.0054386 0.0305734 0.0311268 0.0058003 0.0057120 0.0295341 0.0291564 0.0299943 0.0057115 0.0065381 0.0292157 0.0056231 0.0308366 0.0053709 0.0018698 0.0009304 0.0011025 0.0055344 0.0057221 0.0005907 0.0299581 0.0299837 0.0302776 0.0295078 0.0291564 0.0286395 0.0297240 0.0296191 0.0054460 0.0303861 0.0303861 0.0299155 0.0299155 0.0291932 0.0292834 0.0291785 0.0290702 0.0299017 0.0056242 0.0298144 0.0009305 0.0292923 0.0300056 0.0127189 0.0057138 0.0128278 0.0278809 0.0280541 0.0296893 0.0312949 0.0263833 0.0296720 0.0283152 0.0280890 0.0269574 0.0298679 0.0300169 0.0297674 0.0302227 0.0292573 0.0310181 0.0302758 0.0291631 0.0296496 0.0316288 0.0293506 0.0118742 0.0292020 0.0086928 0.0339969 0.0276045 
KR534232   0.0143405 0.0040207 0.0039331 0.0288489 0.0039331 0.0299756 0.0015320 0.0287610 0.0300618 0.0000000 0.0012659 0.0302731 0.0042808 0.0040193 0.0040193 0.0300129 0.0028920 0.0028898 0.0028898 0.0028038 0.0028038 0.0028911 0.0041937 0.0288493 0.0279385 0.0046525 0.0027177 0.0043702 0.0290630 0.0241754 0.0239789 0.0042871 0.0025462 0.0285319 0.0140826 0.0131206 0.0143391 0.0291166 0.0284440 0.0068498 0.0453057 0.0451885 0.0662405 0.0131292 0.0147150 0.0423718 0.0662405 0.0131200 0.0140394 0.0032378 0.0002517 0.0373415 0.0029169 0.0293246 0.0014363 0.0123961 0.0134460 0.0248556 0.0244531 0.0244348 0.0239892 0.0131289 0.0142025 0.0236657 0.0300877 0.0031487 0.0014361 0.0047400 0.0288548 0.0056910 0.0297344 0.0307152 0.0050088 0.0280564 0.0043910 0.0045642 0.0031499 0.0022952 0.0298408 0.0306150 0.0022917 0.0031482 0.0047237 0.0300718 0.0283764 0.0212386 0.0044604 0.0259610 0.0040238 0.0055925 0.0040207 0.0290127 0.0039324 0.0030791 0.0041083 0.0298622 0.0057335 0.0027202 0.0042810 0.0028899 0.0028038 0.0300597 0.0030664 0.0041970 0.0298431 0.0028038 0.0029786 0.0299487 0.0030664 0.0294254 0.0032369 0.0042166 0.0283754 0.0031513 0.0031510 0.0046359 0.0034944 0.0031519 0.0031511 0.0284815 0.0298491 0.0298517 0.0298491 0.0299542 0.0031513 0.0034122 0.0035034 0.0304922 0.0048199 0.0285988 0.0306261 0.0046387 0.0297415 0.0007583 0.0056285 0.0300593 0.0300626 0.0034975 0.0032379 0.0047264 0.0301674 0.0068763 0.0041106 0.0302764 0.0050943 0.0299258 0.0289819 0.0288493 0.0287795 0.0301678 0.0301357 0.0303881 0.0043020 0.0048566 0.0047402 0.0033224 0.0032388 0.0026319 0.0034074 0.0033233 0.0297425 0.0046520 0.0046520 0.0044596 0.0044608 0.0030650 0.0031482 0.0032347 0.0031492 0.0044568 0.0301769 0.0043729 0.0288548 0.0031489 0.0044073 0.0280874 0.0301553 0.0286447 0.0067174 0.0083160 0.0147399 0.0063815 0.0051440 0.0052541 0.0048491 0.0042939 0.0055876 0.0057539 0.0063156 0.0053994 0.0056941 0.0048447 0.0062725 0.0142539 0.0051927 0.0149244 0.0147501 0.0048197 0.0252223 0.0043855 0.0312044 0.0066536 0.0042568 
KR534233   0.0139661 0.0040204 0.0039329 0.0287603 0.0039329 0.0298866 0.0005937 0.0283443 0.0299726 0.0012659 0.0000000 0.0301842 0.0045388 0.0042770 0.0042770 0.0297002 0.0028053 0.0030618 0.0030618 0.0029756 0.0029756 0.0030631 0.0044517 0.0287607 0.0276386 0.0048279 0.0028895 0.0046285 0.0289744 0.0239792 0.0238914 0.0040248 0.0027177 0.0282286 0.0137093 0.0128473 0.0140628 0.0287025 0.0281408 0.0067595 0.0453219 0.0452004 0.0657518 0.0128540 0.0144337 0.0423838 0.0657518 0.0128468 0.0138576 0.0032376 0.0010963 0.0368989 0.0028297 0.0291213 0.0005890 0.0122122 0.0130747 0.0247680 0.0243656 0.0243473 0.0235886 0.0128554 0.0139253 0.0234703 0.0296710 0.0033211 0.0005889 0.0049155 0.0287662 0.0055097 0.0294310 0.0306261 0.0051849 0.0278552 0.0045661 0.0047395 0.0033224 0.0022948 0.0297519 0.0305259 0.0023772 0.0033206 0.0048073 0.0299828 0.0282880 0.0208161 0.0046315 0.0257631 0.0039358 0.0054129 0.0040204 0.0289240 0.0041899 0.0032533 0.0042787 0.0297733 0.0055515 0.0028056 0.0045390 0.0030618 0.0029756 0.0299708 0.0030662 0.0044551 0.0297542 0.0029756 0.0031509 0.0295288 0.0029795 0.0290080 0.0031499 0.0043878 0.0282870 0.0033238 0.0033235 0.0048948 0.0035804 0.0033244 0.0033236 0.0283931 0.0297603 0.0297629 0.0297603 0.0298653 0.0033238 0.0035852 0.0034160 0.0304032 0.0050794 0.0282965 0.0305370 0.0048977 0.0296527 0.0019487 0.0058054 0.0299704 0.0299737 0.0036705 0.0034106 0.0049855 0.0300785 0.0066986 0.0043687 0.0301875 0.0050050 0.0295075 0.0285660 0.0287607 0.0284697 0.0300789 0.0299311 0.0300836 0.0044769 0.0048559 0.0049158 0.0033222 0.0034115 0.0028035 0.0033203 0.0034090 0.0294389 0.0048274 0.0048274 0.0047182 0.0047194 0.0031508 0.0033206 0.0034072 0.0033215 0.0047152 0.0300879 0.0046313 0.0287662 0.0033212 0.0044069 0.0278884 0.0299505 0.0285561 0.0065194 0.0081874 0.0143641 0.0059129 0.0048276 0.0051635 0.0045454 0.0045184 0.0053014 0.0055746 0.0062209 0.0052206 0.0056933 0.0050648 0.0064803 0.0139654 0.0051921 0.0144482 0.0143637 0.0046092 0.0252171 0.0045985 0.0309681 0.0064733 0.0041621 
KR534234   0.0294370 0.0286898 0.0285772 0.0021183 0.0285772 0.0002519 0.0307426 0.0061558 0.0003367 0.0302731 0.0301842 0.0000000 0.0298831 0.0295595 0.0295595 0.0006765 0.0293142 0.0291171 0.0291171 0.0290678 0.0290676 0.0291893 0.0297764 0.0010967 0.0127571 0.0301670 0.0289599 0.0300114 0.0021183 0.0284377 0.0281201 0.0287792 0.0278943 0.0112446 0.0287404 0.0283991 0.0289575 0.0010120 0.0109716 0.0279786 0.0430893 0.0428724 0.0611461 0.0283255 0.0296208 0.0412620 0.0611461 0.0283967 0.0289569 0.0295809 0.0302801 0.0388623 0.0279706 0.0025092 0.0305171 0.0276701 0.0285300 0.0285903 0.0286042 0.0285824 0.0277472 0.0279085 0.0288116 0.0134995 0.0058749 0.0295035 0.0305113 0.0302726 0.0010969 0.0148908 0.0055155 0.0061360 0.0308484 0.0128586 0.0302933 0.0304888 0.0293009 0.0272352 0.0056035 0.0007577 0.0275065 0.0294961 0.0300286 0.0056981 0.0127642 0.0122906 0.0301331 0.0117911 0.0288292 0.0278890 0.0286898 0.0022078 0.0294524 0.0295045 0.0296857 0.0054307 0.0285401 0.0291016 0.0298843 0.0291753 0.0290676 0.0056040 0.0293284 0.0298021 0.0054276 0.0290678 0.0288267 0.0058892 0.0295511 0.0058724 0.0295285 0.0297445 0.0127638 0.0292567 0.0290408 0.0300855 0.0299380 0.0292633 0.0292547 0.0128577 0.0056849 0.0056853 0.0056849 0.0056926 0.0292573 0.0293841 0.0300271 0.0059579 0.0306041 0.0130506 0.0061382 0.0300979 0.0055966 0.0307835 0.0313363 0.0059578 0.0058697 0.0297464 0.0293691 0.0302058 0.0058691 0.0067917 0.0294286 0.0057809 0.0310560 0.0057255 0.0020347 0.0010967 0.0012722 0.0056924 0.0060611 0.0007575 0.0301727 0.0303059 0.0304915 0.0297288 0.0293777 0.0288534 0.0299358 0.0298511 0.0056052 0.0305972 0.0305972 0.0301273 0.0301362 0.0294258 0.0294961 0.0293914 0.0292918 0.0301135 0.0057821 0.0300264 0.0010969 0.0295050 0.0303076 0.0128709 0.0058873 0.0129752 0.0282298 0.0285106 0.0299016 0.0315776 0.0267590 0.0299941 0.0286686 0.0284995 0.0273089 0.0301789 0.0303467 0.0300783 0.0305476 0.0296608 0.0313986 0.0306011 0.0295979 0.0299615 0.0319507 0.0295929 0.0122022 0.0295947 0.0088838 0.0342236 0.0279360 
KR534235   0.0144664 0.0041070 0.0040194 0.0284624 0.0040194 0.0295859 0.0048373 0.0287015 0.0296710 0.0042808 0.0045388 0.0298831 0.0000000 0.0004195 0.0004195 0.0297374 0.0035830 0.0034933 0.0034933 0.0034068 0.0034068 0.0034948 0.0005887 0.0284628 0.0276806 0.0036879 0.0033203 0.0007578 0.0286760 0.0241148 0.0238094 0.0043741 0.0026315 0.0282725 0.0141109 0.0131461 0.0143663 0.0287319 0.0281845 0.0068659 0.0455962 0.0456069 0.0659025 0.0131549 0.0148425 0.0423131 0.0659025 0.0131455 0.0140664 0.0038435 0.0042814 0.0371688 0.0034391 0.0289332 0.0046274 0.0125188 0.0137599 0.0246857 0.0242835 0.0242653 0.0237233 0.0131544 0.0142296 0.0236050 0.0299160 0.0037535 0.0046267 0.0037748 0.0284682 0.0059606 0.0295600 0.0305398 0.0040404 0.0279116 0.0034283 0.0036005 0.0037550 0.0025528 0.0296663 0.0302239 0.0024628 0.0037529 0.0016075 0.0298970 0.0281181 0.0216122 0.0008429 0.0258981 0.0041981 0.0056815 0.0041070 0.0286252 0.0003356 0.0036878 0.0005890 0.0296876 0.0032316 0.0034104 0.0006731 0.0034933 0.0034068 0.0298850 0.0036716 0.0005892 0.0296686 0.0034068 0.0035830 0.0298895 0.0037589 0.0293662 0.0039299 0.0005919 0.0281172 0.0037565 0.0037563 0.0010123 0.0039275 0.0037573 0.0037563 0.0282231 0.0294601 0.0294627 0.0294601 0.0297795 0.0037566 0.0040202 0.0042006 0.0303171 0.0011843 0.0283403 0.0302350 0.0010129 0.0293528 0.0048972 0.0046547 0.0298846 0.0298879 0.0041058 0.0038437 0.0010978 0.0299926 0.0070753 0.0005049 0.0301015 0.0042139 0.0297534 0.0287091 0.0284628 0.0285060 0.0299930 0.0300766 0.0299977 0.0033403 0.0039735 0.0037750 0.0039282 0.0038447 0.0032340 0.0041021 0.0040179 0.0295680 0.0036876 0.0036876 0.0008428 0.0008430 0.0036702 0.0037529 0.0038399 0.0037540 0.0008422 0.0300020 0.0007583 0.0284682 0.0037537 0.0034410 0.0278320 0.0300961 0.0283857 0.0060062 0.0089616 0.0148668 0.0055637 0.0046174 0.0043605 0.0040422 0.0053082 0.0060288 0.0048619 0.0052978 0.0043330 0.0045313 0.0055071 0.0053395 0.0139545 0.0043839 0.0148564 0.0146490 0.0043999 0.0246644 0.0056705 0.0305512 0.0064710 0.0038800 
KR534236   0.0141791 0.0038459 0.0037576 0.0281421 0.0037576 0.0292627 0.0045728 0.0283793 0.0293467 0.0040193 0.0042770 0.0295595 0.0004195 0.0000000 0.0000010 0.0294124 0.0033234 0.0032340 0.0032340 0.0031477 0.0031477 0.0032354 0.0003356 0.0281425 0.0273623 0.0034268 0.0030615 0.0005046 0.0283553 0.0238046 0.0234998 0.0041121 0.0023742 0.0279515 0.0138240 0.0128631 0.0140794 0.0284105 0.0278636 0.0065976 0.0454760 0.0454871 0.0657675 0.0128699 0.0145528 0.0421957 0.0657675 0.0128626 0.0137785 0.0035833 0.0040199 0.0370549 0.0031775 0.0287151 0.0043653 0.0122304 0.0134748 0.0243748 0.0239733 0.0239553 0.0234146 0.0128712 0.0139420 0.0232962 0.0295919 0.0034936 0.0043646 0.0035135 0.0281479 0.0056909 0.0292370 0.0302146 0.0037783 0.0275925 0.0031676 0.0033396 0.0034950 0.0022949 0.0293430 0.0298993 0.0022055 0.0034931 0.0013522 0.0295730 0.0277987 0.0212838 0.0005894 0.0255797 0.0039365 0.0054130 0.0038459 0.0283040 0.0000839 0.0034267 0.0003358 0.0293641 0.0029662 0.0031510 0.0004195 0.0032341 0.0031477 0.0295612 0.0034116 0.0003358 0.0293453 0.0031477 0.0033233 0.0295647 0.0034987 0.0290433 0.0036695 0.0003375 0.0277978 0.0034965 0.0034962 0.0007584 0.0036672 0.0034972 0.0034963 0.0279035 0.0291375 0.0291401 0.0291375 0.0294560 0.0034965 0.0037584 0.0039379 0.0299924 0.0009295 0.0280203 0.0299104 0.0007588 0.0290304 0.0046341 0.0043912 0.0295608 0.0295641 0.0038437 0.0035834 0.0008435 0.0296686 0.0068021 0.0002517 0.0297773 0.0039515 0.0294280 0.0283879 0.0281425 0.0281840 0.0296690 0.0297516 0.0296737 0.0030790 0.0037102 0.0035137 0.0036679 0.0035844 0.0029754 0.0038404 0.0037563 0.0292449 0.0034265 0.0034265 0.0005893 0.0005894 0.0034103 0.0034931 0.0035799 0.0034942 0.0005889 0.0296779 0.0005050 0.0281479 0.0034938 0.0031793 0.0275128 0.0297709 0.0280651 0.0057037 0.0085740 0.0145784 0.0053314 0.0043038 0.0040942 0.0037418 0.0049692 0.0055877 0.0045962 0.0050180 0.0040684 0.0042651 0.0051756 0.0050307 0.0136574 0.0041162 0.0145647 0.0143524 0.0040875 0.0243012 0.0053480 0.0302079 0.0062913 0.0035985 
KR534237   0.0141791 0.0038459 0.0037576 0.0281421 0.0037576 0.0292627 0.0045728 0.0283793 0.0293467 0.0040193 0.0042770 0.0295595 0.0004195 0.0000010 0.0000000 0.0294124 0.0033234 0.0032340 0.0032340 0.0031477 0.0031477 0.0032354 0.0003356 0.0281425 0.0273623 0.0034268 0.0030615 0.0005046 0.0283553 0.0238046 0.0234998 0.0041121 0.0023742 0.0279515 0.0138240 0.0128631 0.0140794 0.0284105 0.0278636 0.0065976 0.0454760 0.0454871 0.0657675 0.0128699 0.0145528 0.0421957 0.0657675 0.0128626 0.0137785 0.0035833 0.0040199 0.0370549 0.0031775 0.0287151 0.0043653 0.0122304 0.0134748 0.0243748 0.0239733 0.0239553 0.0234146 0.0128712 0.0139420 0.0232962 0.0295919 0.0034936 0.0043646 0.0035135 0.0281479 0.0056909 0.0292370 0.0302146 0.0037783 0.0275925 0.0031676 0.0033396 0.0034950 0.0022949 0.0293430 0.0298993 0.0022055 0.0034931 0.0013522 0.0295730 0.0277987 0.0212838 0.0005894 0.0255797 0.0039365 0.0054130 0.0038459 0.0283040 0.0000839 0.0034267 0.0003358 0.0293641 0.0029662 0.0031510 0.0004195 0.0032341 0.0031477 0.0295612 0.0034116 0.0003358 0.0293453 0.0031477 0.0033233 0.0295647 0.0034987 0.0290433 0.0036695 0.0003375 0.0277978 0.0034965 0.0034962 0.0007584 0.0036672 0.0034972 0.0034963 0.0279035 0.0291375 0.0291401 0.0291375 0.0294560 0.0034965 0.0037584 0.0039379 0.0299924 0.0009295 0.0280203 0.0299104 0.0007588 0.0290304 0.0046341 0.0043912 0.0295608 0.0295641 0.0038437 0.0035834 0.0008435 0.0296686 0.0068021 0.0002517 0.0297773 0.0039515 0.0294280 0.0283879 0.0281425 0.0281840 0.0296690 0.0297516 0.0296737 0.0030790 0.0037102 0.0035137 0.0036679 0.0035844 0.0029754 0.0038404 0.0037563 0.0292449 0.0034265 0.0034265 0.0005893 0.0005894 0.0034103 0.0034931 0.0035799 0.0034942 0.0005889 0.0296779 0.0005050 0.0281479 0.0034938 0.0031793 0.0275128 0.0297709 0.0280651 0.0057037 0.0085740 0.0145784 0.0053314 0.0043038 0.0040942 0.0037418 0.0049692 0.0055877 0.0045962 0.0050180 0.0040684 0.0042651 0.0051756 0.0050307 0.0136574 0.0041162 0.0145647 0.0143524 0.0040875 0.0243012 0.0053480 0.0302079 0.0062913 0.0035985 
KR534238   0.0289519 0.0285387 0.0284256 0.0023014 0.0284256 0.0004215 0.0303083 0.0058106 0.0005070 0.0300129 0.0297002 0.0006765 0.0297374 0.0294124 0.0294124 0.0000000 0.0288040 0.0289680 0.0289680 0.0289186 0.0289184 0.0290266 0.0296303 0.0012729 0.0126388 0.0300197 0.0288102 0.0298604 0.0023014 0.0281114 0.0280745 0.0283986 0.0277399 0.0113069 0.0284371 0.0281412 0.0287004 0.0008463 0.0110235 0.0275800 0.0428212 0.0425148 0.0609898 0.0280551 0.0291904 0.0411143 0.0609898 0.0281363 0.0287827 0.0293262 0.0299013 0.0385003 0.0276574 0.0025097 0.0303653 0.0274614 0.0280199 0.0285388 0.0285393 0.0285393 0.0274488 0.0276248 0.0285409 0.0132831 0.0057226 0.0293562 0.0303685 0.0301285 0.0012729 0.0145036 0.0055448 0.0063473 0.0306801 0.0127323 0.0301403 0.0303457 0.0291411 0.0269643 0.0058111 0.0009315 0.0273502 0.0293488 0.0297635 0.0059065 0.0128351 0.0122035 0.0299857 0.0117939 0.0284247 0.0275884 0.0285387 0.0023900 0.0293048 0.0293570 0.0294145 0.0056328 0.0281052 0.0287228 0.0297387 0.0290266 0.0289184 0.0058115 0.0291332 0.0296303 0.0056328 0.0289186 0.0286766 0.0056326 0.0290185 0.0055462 0.0290185 0.0295614 0.0128346 0.0291085 0.0288916 0.0299407 0.0296768 0.0291065 0.0291065 0.0129291 0.0058927 0.0058927 0.0058927 0.0059008 0.0291065 0.0292277 0.0295629 0.0061679 0.0304615 0.0131232 0.0063495 0.0299532 0.0058039 0.0306421 0.0311971 0.0060785 0.0060791 0.0296001 0.0292214 0.0300616 0.0060785 0.0064564 0.0292809 0.0059897 0.0305634 0.0056417 0.0017014 0.0012729 0.0011027 0.0059006 0.0059084 0.0007614 0.0300255 0.0300087 0.0303457 0.0294662 0.0292214 0.0287032 0.0294518 0.0294518 0.0057224 0.0304545 0.0304545 0.0299826 0.0299826 0.0291374 0.0293488 0.0292436 0.0291350 0.0299688 0.0059904 0.0298813 0.0012731 0.0293577 0.0300281 0.0127398 0.0058113 0.0130438 0.0276981 0.0279019 0.0294167 0.0314450 0.0265168 0.0295667 0.0282535 0.0280980 0.0269684 0.0298126 0.0298477 0.0297120 0.0303374 0.0292666 0.0310275 0.0302226 0.0293871 0.0295912 0.0314610 0.0292883 0.0118769 0.0293422 0.0087898 0.0337715 0.0275454 
KR534244   0.0132022 0.0032405 0.0031537 0.0278995 0.0031537 0.0289928 0.0031709 0.0274669 0.0290815 0.0028920 0.0028053 0.0293142 0.0035830 0.0033234 0.0033234 0.0288040 0.0000000 0.0002519 0.0002519 0.0005049 0.0001679 0.0002520 0.0034965 0.0278999 0.0267856 0.0038656 0.0004198 0.0036708 0.0281123 0.0231449 0.0230615 0.0032432 0.0017771 0.0275817 0.0129350 0.0119068 0.0132981 0.0278171 0.0274704 0.0059574 0.0443101 0.0442320 0.0647263 0.0118968 0.0136515 0.0414017 0.0647263 0.0119063 0.0130901 0.0004210 0.0027199 0.0360652 0.0001694 0.0282187 0.0032372 0.0112449 0.0124959 0.0239276 0.0235341 0.0235165 0.0227439 0.0120914 0.0131482 0.0226446 0.0285639 0.0005049 0.0032375 0.0039530 0.0278999 0.0040846 0.0285651 0.0295367 0.0042161 0.0269930 0.0036048 0.0037783 0.0010122 0.0011848 0.0288842 0.0296506 0.0010133 0.0005049 0.0038466 0.0291132 0.0274309 0.0201636 0.0036738 0.0248897 0.0031536 0.0046131 0.0032405 0.0280367 0.0032370 0.0004231 0.0033238 0.0288802 0.0049160 0.0003358 0.0035832 0.0002519 0.0001679 0.0288867 0.0002520 0.0034965 0.0288865 0.0005049 0.0003358 0.0286516 0.0001680 0.0281446 0.0003358 0.0034256 0.0274299 0.0005054 0.0005053 0.0039358 0.0007582 0.0006743 0.0006743 0.0275354 0.0288930 0.0288930 0.0288930 0.0289967 0.0005053 0.0012680 0.0005904 0.0293158 0.0041176 0.0276516 0.0296642 0.0039381 0.0287861 0.0035865 0.0048352 0.0291012 0.0291045 0.0008436 0.0005899 0.0040253 0.0292087 0.0059686 0.0034133 0.0291017 0.0040404 0.0286117 0.0276476 0.0278999 0.0276071 0.0289939 0.0288204 0.0292139 0.0035172 0.0038853 0.0039528 0.0005050 0.0005899 0.0003358 0.0005048 0.0005892 0.0285728 0.0038655 0.0038655 0.0037599 0.0037599 0.0003359 0.0005049 0.0005893 0.0005049 0.0037575 0.0292178 0.0036736 0.0279052 0.0005050 0.0034442 0.0270099 0.0288638 0.0276905 0.0056033 0.0075440 0.0135970 0.0050997 0.0041995 0.0042723 0.0036418 0.0033982 0.0051473 0.0046849 0.0052840 0.0043332 0.0047092 0.0036396 0.0055461 0.0130618 0.0042947 0.0137566 0.0135610 0.0038797 0.0238788 0.0035354 0.0299258 0.0055734 0.0032225 
KR534245   0.0134783 0.0031512 0.0030645 0.0277050 0.0030645 0.0288210 0.0033453 0.0277266 0.0289036 0.0028898 0.0030618 0.0291171 0.0034933 0.0032340 0.0032340 0.0289680 0.0002519 0.0000000 0.0000010 0.0004195 0.0000839 0.0001678 0.0034069 0.0277053 0.0268030 0.0037751 0.0003356 0.0035815 0.0279173 0.0233831 0.0230793 0.0034146 0.0016904 0.0273871 0.0131245 0.0119883 0.0133795 0.0279717 0.0272993 0.0059575 0.0441621 0.0441764 0.0650289 0.0119885 0.0138454 0.0413817 0.0650289 0.0119878 0.0130770 0.0005049 0.0028902 0.0362721 0.0002540 0.0283271 0.0031488 0.0113401 0.0127803 0.0239522 0.0235519 0.0235343 0.0229954 0.0121826 0.0132405 0.0226730 0.0287198 0.0004195 0.0031483 0.0038621 0.0277106 0.0042624 0.0285822 0.0293391 0.0041279 0.0270318 0.0035153 0.0036877 0.0009270 0.0011839 0.0286877 0.0294554 0.0009276 0.0004195 0.0039323 0.0289162 0.0272372 0.0202538 0.0036704 0.0249351 0.0032406 0.0046099 0.0031512 0.0278656 0.0031478 0.0003381 0.0033222 0.0287084 0.0050065 0.0004207 0.0034934 0.0001678 0.0000839 0.0286902 0.0003361 0.0034095 0.0286900 0.0004195 0.0002517 0.0289060 0.0004201 0.0283890 0.0005892 0.0034257 0.0272363 0.0004206 0.0004206 0.0038452 0.0007577 0.0005894 0.0005893 0.0273416 0.0286967 0.0286992 0.0286967 0.0288000 0.0004206 0.0011822 0.0008444 0.0291186 0.0040266 0.0274575 0.0294664 0.0038475 0.0285899 0.0034967 0.0047427 0.0289044 0.0289076 0.0007583 0.0005050 0.0039345 0.0290116 0.0059696 0.0033237 0.0289048 0.0043015 0.0287685 0.0278911 0.0277053 0.0277446 0.0287973 0.0288771 0.0292308 0.0034273 0.0039731 0.0038622 0.0005890 0.0005051 0.0002517 0.0007576 0.0006736 0.0285899 0.0037748 0.0037748 0.0036697 0.0036707 0.0003359 0.0004195 0.0005044 0.0004196 0.0036674 0.0290207 0.0035836 0.0277106 0.0004195 0.0035283 0.0269519 0.0288958 0.0275013 0.0058046 0.0076719 0.0138740 0.0052156 0.0043038 0.0044495 0.0038419 0.0035105 0.0052935 0.0048620 0.0054705 0.0045099 0.0047982 0.0037484 0.0056494 0.0132586 0.0043840 0.0139493 0.0137572 0.0040875 0.0239297 0.0036411 0.0299789 0.0055734 0.0034103 
KR534246   0.0134783 0.0031512 0.0030645 0.0277050 0.0030645 0.0288210 0.0033453 0.0277266 0.0289036 0.0028898 0.0030618 0.0291171 0.0034933 0.0032340 0.0032340 0.0289680 0.0002519 0.0000010 0.0000000 0.0004195 0.0000839 0.0001678 0.0034069 0.0277053 0.0268030 0.0037751 0.0003356 0.0035815 0.0279173 0.0233831 0.0230793 0.0034146 0.0016904 0.0273871 0.0131245 0.0119883 0.0133795 0.0279717 0.0272993 0.0059575 0.0441621 0.0441764 0.0650289 0.0119885 0.0138454 0.0413817 0.0650289 0.0119878 0.0130770 0.0005049 0.0028902 0.0362721 0.0002540 0.0283271 0.0031488 0.0113401 0.0127803 0.0239522 0.0235519 0.0235343 0.0229954 0.0121826 0.0132405 0.0226730 0.0287198 0.0004195 0.0031483 0.0038621 0.0277106 0.0042624 0.0285822 0.0293391 0.0041279 0.0270318 0.0035153 0.0036877 0.0009270 0.0011839 0.0286877 0.0294554 0.0009276 0.0004195 0.0039323 0.0289162 0.0272372 0.0202538 0.0036704 0.0249351 0.0032406 0.0046099 0.0031512 0.0278656 0.0031478 0.0003381 0.0033222 0.0287084 0.0050065 0.0004207 0.0034934 0.0001678 0.0000839 0.0286902 0.0003361 0.0034095 0.0286900 0.0004195 0.0002517 0.0289060 0.0004201 0.0283890 0.0005892 0.0034257 0.0272363 0.0004206 0.0004206 0.0038452 0.0007577 0.0005894 0.0005893 0.0273416 0.0286967 0.0286992 0.0286967 0.0288000 0.0004206 0.0011822 0.0008444 0.0291186 0.0040266 0.0274575 0.0294664 0.0038475 0.0285899 0.0034967 0.0047427 0.0289044 0.0289076 0.0007583 0.0005050 0.0039345 0.0290116 0.0059696 0.0033237 0.0289048 0.0043015 0.0287685 0.0278911 0.0277053 0.0277446 0.0287973 0.0288771 0.0292308 0.0034273 0.0039731 0.0038622 0.0005890 0.0005051 0.0002517 0.0007576 0.0006736 0.0285899 0.0037748 0.0037748 0.0036697 0.0036707 0.0003359 0.0004195 0.0005044 0.0004196 0.0036674 0.0290207 0.0035836 0.0277106 0.0004195 0.0035283 0.0269519 0.0288958 0.0275013 0.0058046 0.0076719 0.0138740 0.0052156 0.0043038 0.0044495 0.0038419 0.0035105 0.0052935 0.0048620 0.0054705 0.0045099 0.0047982 0.0037484 0.0056494 0.0132586 0.0043840 0.0139493 0.0137572 0.0040875 0.0239297 0.0036411 0.0299789 0.0055734 0.0034103 
