127
AB573762     0.0000000 0.0170284 0.0139097 0.0466120 0.0106532 0.0362174 0.0399248 0.0139059 0.0123113 0.0139059 0.0138945 0.0098948 0.0347671 0.0162217 0.0170309 0.0170309 0.0202959 0.0186829 0.0162217 0.0178331 0.0170453 0.0000010 0.0186331 0.0178625 0.0154860 0.0171236 0.0178499 0.0339284 0.0179609 0.0156555 0.0154465 0.0154326 0.0178435 0.0170261 0.0186594 0.0154563 0.0186489 0.0171333 0.0178385 0.0186489 0.0202872 0.0162153 0.0194653 0.0146241 0.0155371 0.0162153 0.0186462 0.0139038 0.0162345 0.0178622 0.0194457 0.0170358 0.0178413 0.0178182 0.0323254 0.0154860 0.0321365 0.0186565 0.0170071 0.0163116 0.0171427 0.0138255 0.0330464 0.0179609 0.0194705 0.0203177 0.0194736 0.0203314 0.0202955 0.0170309 0.1604972 0.1670606 0.1635058 0.1604349 0.1648853 0.0195636 0.0178333 0.0179740 0.0186409 0.0170191 0.0186521 0.0186521 0.0237305 0.0245979 0.0237305 0.0194715 0.0186521 0.0237305 0.0186521 0.0186521 0.0202734 0.0255611 0.0194515 0.0194765 0.0202734 0.0194765 0.0186521 0.0186521 0.0194765 0.0202646 0.0178383 0.0178383 0.0210897 0.0137452 0.0178383 0.0178383 0.0178383 0.0178383 0.0178383 0.0186706 0.0186706 0.0178383 0.0186726 0.0178383 0.0178383 0.0178383 0.0178383 0.0186543 0.0178383 0.0178383 0.0202734 0.0186521 0.0252614 0.0180302 0.0068834 0.0178383 0.0157907 
AB573763     0.0170284 0.0000000 0.0171338 0.0436282 0.0154036 0.0362386 0.0399481 0.0155157 0.0139081 0.0155157 0.0155028 0.0162237 0.0330777 0.0178410 0.0186570 0.0186570 0.0203076 0.0203252 0.0178410 0.0178433 0.0186731 0.0170284 0.0091020 0.0091241 0.0075982 0.0099057 0.0083399 0.0322120 0.0196050 0.0076799 0.0170623 0.0170469 0.0083366 0.0075611 0.0091138 0.0170732 0.0075582 0.0171432 0.0083347 0.0075582 0.0091067 0.0067899 0.0098875 0.0162310 0.0171626 0.0067899 0.0091079 0.0155133 0.0178551 0.0083452 0.0098787 0.0075648 0.0083356 0.0098825 0.0306140 0.0075982 0.0304354 0.0091126 0.0106666 0.0179398 0.0187799 0.0154255 0.0313365 0.0196050 0.0083325 0.0203120 0.0211199 0.0106920 0.0202898 0.0202848 0.1539566 0.1631071 0.1541211 0.1511206 0.1554783 0.0212176 0.0083325 0.0118118 0.0091055 0.0075582 0.0091106 0.0091106 0.0123154 0.0131236 0.0123154 0.0098907 0.0091106 0.0123154 0.0091106 0.0091106 0.0106640 0.0139883 0.0098813 0.0098930 0.0106640 0.0098930 0.0091106 0.0091106 0.0098930 0.0106597 0.0194707 0.0194707 0.0114453 0.0199407 0.0194707 0.0194707 0.0194707 0.0194707 0.0194707 0.0091183 0.0091183 0.0194707 0.0203138 0.0194707 0.0194707 0.0194707 0.0194707 0.0202936 0.0194707 0.0194707 0.0091081 0.0091106 0.0154194 0.0099525 0.0058871 0.0194707 0.0097289 
EU086200     0.0139097 0.0171338 0.0000000 0.0450959 0.0107268 0.0375586 0.0413320 0.0044971 0.0029866 0.0044971 0.0123824 0.0115188 0.0350255 0.0147142 0.0155222 0.0155222 0.0187830 0.0187992 0.0147142 0.0163241 0.0155352 0.0139097 0.0171244 0.0179735 0.0155950 0.0179743 0.0163396 0.0324321 0.0164415 0.0157669 0.0139373 0.0139247 0.0163336 0.0171315 0.0187754 0.0139461 0.0187648 0.0156159 0.0163155 0.0187648 0.0204137 0.0163155 0.0179542 0.0147142 0.0140193 0.0163155 0.0171364 0.0123905 0.0147259 0.0179732 0.0179363 0.0155266 0.0163316 0.0163107 0.0308228 0.0155950 0.0306407 0.0171458 0.0171267 0.0147963 0.0156245 0.0123206 0.0315499 0.0164415 0.0195917 0.0188029 0.0179618 0.0204585 0.0187827 0.0171363 0.1595325 0.1661457 0.1625621 0.1594618 0.1639559 0.0180453 0.0179438 0.0191850 0.0171315 0.0155116 0.0171273 0.0171273 0.0221873 0.0230510 0.0221873 0.0179448 0.0171273 0.0221873 0.0171273 0.0171273 0.0187464 0.0240061 0.0179264 0.0179493 0.0187464 0.0179493 0.0171273 0.0171273 0.0179493 0.0187383 0.0163289 0.0163289 0.0195615 0.0148890 0.0163289 0.0163289 0.0163289 0.0163289 0.0163289 0.0171585 0.0171585 0.0163289 0.0171604 0.0163289 0.0163289 0.0163289 0.0163289 0.0171437 0.0163289 0.0163289 0.0187464 0.0171273 0.0237240 0.0193996 0.0089689 0.0163289 0.0169635 
EU086201     0.0466120 0.0436282 0.0450959 0.0000000 0.0391562 0.0545926 0.0587774 0.0450789 0.0431878 0.0450789 0.0393892 0.0475870 0.0276235 0.0449868 0.0459447 0.0459447 0.0490389 0.0491181 0.0449868 0.0468705 0.0452826 0.0466120 0.0473637 0.0465545 0.0457575 0.0458050 0.0445976 0.0149331 0.0460653 0.0463059 0.0441319 0.0440879 0.0464967 0.0455210 0.0474501 0.0441633 0.0474138 0.0451215 0.0464743 0.0474138 0.0493296 0.0445662 0.0464967 0.0449868 0.0442171 0.0445662 0.0436381 0.0431966 0.0450253 0.0465493 0.0483054 0.0455601 0.0446273 0.0464076 0.0133698 0.0457575 0.0132923 0.0447646 0.0436059 0.0441294 0.0451041 0.0410828 0.0141164 0.0460653 0.0483823 0.0498803 0.0468821 0.0494727 0.0478427 0.0478297 0.1641726 0.1678101 0.1641383 0.1609722 0.1655604 0.0490638 0.0464564 0.0500537 0.0473885 0.0454974 0.0474258 0.0474258 0.0516007 0.0526533 0.0516007 0.0483882 0.0474258 0.0516007 0.0474258 0.0474258 0.0473573 0.0538880 0.0483243 0.0484062 0.0473573 0.0484062 0.0474258 0.0474258 0.0484062 0.0492631 0.0468888 0.0468888 0.0482919 0.0477615 0.0468888 0.0468888 0.0468888 0.0468888 0.0468888 0.0456233 0.0456233 0.0468888 0.0471799 0.0468888 0.0468888 0.0468888 0.0468888 0.0478554 0.0468888 0.0468888 0.0474073 0.0474258 0.0512262 0.0432852 0.0408919 0.0468888 0.0472878 
EU086202     0.0106532 0.0154036 0.0107268 0.0391562 0.0000000 0.0336488 0.0373145 0.0107240 0.0091556 0.0107240 0.0060584 0.0114428 0.0295397 0.0098859 0.0106690 0.0106690 0.0138302 0.0138417 0.0098859 0.0114490 0.0106775 0.0106532 0.0153952 0.0162277 0.0138800 0.0154894 0.0146197 0.0287149 0.0131143 0.0140313 0.0099011 0.0106730 0.0146143 0.0154015 0.0170189 0.0106891 0.0170095 0.0123099 0.0162063 0.0170095 0.0186326 0.0145985 0.0162106 0.0114475 0.0107447 0.0145985 0.0154058 0.0091580 0.0106730 0.0162275 0.0161949 0.0138195 0.0146125 0.0145943 0.0271321 0.0138800 0.0269748 0.0154141 0.0137970 0.0098963 0.0123164 0.0083340 0.0278556 0.0131143 0.0178231 0.0138439 0.0130345 0.0186725 0.0138302 0.0122367 0.1463228 0.1524494 0.1491079 0.1461537 0.1504490 0.0130946 0.0162016 0.0179740 0.0154015 0.0138064 0.0170124 0.0170124 0.0220352 0.0228923 0.0220352 0.0178240 0.0170124 0.0220352 0.0170124 0.0170124 0.0170074 0.0238396 0.0161996 0.0162198 0.0170074 0.0162198 0.0170124 0.0170124 0.0162198 0.0170002 0.0114522 0.0114522 0.0178111 0.0097286 0.0114522 0.0114522 0.0114522 0.0114522 0.0114522 0.0154250 0.0154250 0.0114522 0.0122531 0.0114522 0.0114522 0.0114522 0.0114522 0.0122417 0.0114522 0.0114522 0.0186200 0.0170124 0.0219116 0.0168610 0.0068834 0.0114522 0.0157907 
EU086203     0.0362174 0.0362386 0.0375586 0.0545926 0.0336488 0.0000000 0.0092209 0.0357406 0.0339324 0.0357406 0.0349628 0.0382037 0.0382767 0.0374736 0.0383954 0.0383954 0.0421094 0.0421521 0.0374736 0.0392927 0.0384366 0.0362174 0.0380050 0.0381227 0.0364189 0.0382938 0.0362536 0.0428892 0.0403587 0.0350017 0.0366358 0.0366001 0.0371581 0.0362335 0.0380692 0.0357403 0.0380427 0.0393998 0.0353238 0.0380427 0.0398725 0.0353238 0.0389570 0.0374736 0.0376243 0.0353238 0.0362106 0.0346434 0.0375052 0.0362835 0.0389072 0.0362610 0.0353332 0.0389264 0.0412199 0.0364189 0.0409700 0.0354814 0.0362210 0.0366335 0.0394252 0.0337324 0.0419501 0.0403587 0.0389652 0.0402871 0.0411710 0.0399785 0.0421052 0.0402164 0.1470696 0.1562280 0.1527388 0.1469012 0.1513284 0.0413691 0.0371296 0.0406868 0.0380237 0.0362159 0.0380514 0.0380514 0.0438307 0.0448306 0.0438307 0.0389691 0.0380514 0.0438307 0.0380514 0.0380514 0.0398418 0.0459907 0.0389213 0.0389820 0.0398418 0.0389820 0.0380514 0.0380514 0.0389820 0.0380187 0.0393070 0.0393070 0.0407459 0.0399088 0.0393070 0.0393070 0.0393070 0.0393070 0.0393070 0.0362709 0.0362709 0.0393070 0.0402861 0.0393070 0.0393070 0.0393070 0.0393070 0.0402370 0.0393070 0.0393070 0.0398418 0.0380514 0.0454145 0.0400513 0.0319805 0.0393070 0.0371103 
EU086204     0.0399248 0.0399481 0.0413320 0.0587774 0.0373145 0.0092209 0.0000000 0.0394784 0.0376344 0.0394784 0.0386935 0.0419637 0.0420458 0.0393617 0.0402934 0.0402934 0.0440475 0.0440928 0.0393617 0.0411989 0.0403376 0.0399248 0.0417447 0.0418779 0.0401483 0.0420667 0.0399649 0.0448303 0.0441911 0.0387411 0.0385186 0.0384808 0.0408883 0.0399424 0.0418175 0.0376145 0.0417872 0.0432096 0.0390137 0.0417872 0.0436536 0.0390137 0.0427208 0.0393617 0.0414047 0.0390137 0.0399166 0.0383636 0.0393950 0.0399990 0.0426638 0.0399743 0.0390251 0.0426855 0.0450618 0.0401483 0.0447860 0.0391878 0.0399282 0.0385163 0.0432381 0.0374088 0.0457919 0.0441911 0.0427292 0.0422084 0.0430986 0.0437740 0.0440428 0.0421325 0.1467922 0.1591523 0.1524867 0.1466209 0.1510693 0.0433068 0.0408553 0.0455953 0.0417658 0.0399225 0.0417972 0.0417972 0.0457827 0.0467966 0.0457827 0.0427338 0.0417972 0.0457827 0.0417972 0.0417972 0.0436192 0.0479766 0.0426798 0.0427487 0.0436192 0.0427487 0.0417972 0.0417972 0.0427487 0.0417602 0.0412142 0.0412142 0.0445399 0.0423782 0.0412142 0.0412142 0.0412142 0.0412142 0.0412142 0.0399863 0.0399863 0.0412142 0.0422068 0.0412142 0.0412142 0.0412142 0.0412142 0.0421544 0.0412142 0.0412142 0.0417391 0.0417972 0.0481501 0.0442119 0.0367367 0.0412142 0.0419188 
EU086205     0.0139059 0.0155157 0.0044971 0.0450789 0.0107240 0.0357406 0.0394784 0.0000000 0.0014877 0.0000010 0.0107928 0.0131087 0.0332615 0.0115299 0.0123250 0.0123250 0.0155346 0.0155478 0.0115299 0.0131161 0.0123350 0.0139059 0.0138950 0.0147238 0.0123728 0.0147243 0.0131177 0.0324214 0.0148175 0.0125081 0.0107592 0.0107496 0.0131127 0.0139006 0.0155158 0.0107660 0.0155073 0.0123890 0.0147045 0.0155073 0.0171290 0.0130987 0.0147083 0.0115299 0.0124132 0.0130987 0.0139044 0.0092164 0.0115390 0.0147237 0.0146942 0.0123183 0.0131111 0.0130950 0.0308128 0.0123728 0.0306308 0.0139119 0.0138968 0.0131876 0.0140072 0.0107391 0.0315385 0.0148175 0.0163198 0.0155505 0.0147266 0.0171654 0.0155346 0.0139157 0.1566492 0.1631732 0.1596338 0.1565560 0.1610205 0.0147950 0.0147002 0.0160184 0.0123118 0.0107300 0.0155099 0.0155099 0.0205214 0.0213763 0.0205214 0.0163206 0.0155099 0.0205214 0.0155099 0.0155099 0.0171175 0.0223168 0.0163042 0.0163247 0.0171175 0.0163247 0.0155099 0.0155099 0.0163247 0.0171102 0.0131198 0.0131198 0.0179266 0.0118237 0.0131198 0.0131198 0.0131198 0.0131198 0.0131198 0.0139215 0.0139215 0.0131198 0.0139347 0.0131198 0.0131198 0.0131198 0.0131198 0.0139215 0.0131198 0.0131198 0.0171175 0.0155099 0.0220555 0.0158229 0.0049294 0.0131198 0.0138518 
KX148259     0.0123113 0.0139081 0.0029866 0.0431878 0.0091556 0.0339324 0.0376344 0.0014877 0.0000000 0.0014877 0.0092142 0.0115203 0.0315059 0.0115251 0.0123199 0.0123199 0.0155281 0.0155412 0.0115251 0.0131106 0.0123299 0.0123113 0.0139006 0.0147299 0.0123778 0.0147304 0.0131230 0.0306702 0.0132042 0.0125132 0.0107548 0.0107452 0.0131180 0.0139063 0.0155222 0.0107616 0.0155137 0.0123940 0.0147105 0.0155137 0.0171361 0.0131039 0.0147143 0.0115251 0.0108179 0.0131039 0.0139101 0.0092200 0.0115342 0.0147298 0.0147002 0.0123233 0.0131164 0.0131002 0.0290682 0.0123778 0.0288980 0.0139176 0.0139025 0.0115896 0.0124007 0.0091685 0.0297960 0.0132042 0.0163266 0.0155439 0.0147204 0.0171726 0.0155280 0.0139099 0.1565079 0.1630212 0.1594874 0.1564136 0.1608724 0.0147888 0.0147062 0.0160269 0.0139063 0.0123118 0.0155163 0.0155163 0.0205302 0.0213855 0.0205302 0.0163274 0.0155163 0.0205302 0.0155163 0.0155163 0.0171246 0.0223266 0.0163109 0.0163314 0.0171246 0.0163314 0.0155163 0.0155163 0.0163314 0.0171173 0.0131143 0.0131143 0.0179341 0.0118175 0.0131143 0.0131143 0.0131143 0.0131143 0.0131143 0.0139272 0.0139272 0.0131143 0.0139289 0.0131143 0.0131143 0.0131143 0.0131143 0.0139157 0.0131143 0.0131143 0.0171246 0.0155163 0.0220650 0.0158324 0.0059323 0.0131143 0.0138590 
KX148260     0.0139059 0.0155157 0.0044971 0.0450789 0.0107240 0.0357406 0.0394784 0.0000010 0.0014877 0.0000000 0.0107928 0.0131087 0.0332615 0.0115299 0.0123250 0.0123250 0.0155346 0.0155478 0.0115299 0.0131161 0.0123350 0.0139059 0.0138950 0.0147238 0.0123728 0.0147243 0.0131177 0.0324214 0.0148175 0.0125081 0.0107592 0.0107496 0.0131127 0.0139006 0.0155158 0.0107660 0.0155073 0.0123890 0.0147045 0.0155073 0.0171290 0.0130987 0.0147083 0.0115299 0.0124132 0.0130987 0.0139044 0.0092164 0.0115390 0.0147237 0.0146942 0.0123183 0.0131111 0.0130950 0.0308128 0.0123728 0.0306308 0.0139119 0.0138968 0.0131876 0.0140072 0.0107391 0.0315385 0.0148175 0.0163198 0.0155505 0.0147266 0.0171654 0.0155346 0.0139157 0.1566492 0.1631732 0.1596338 0.1565560 0.1610205 0.0147950 0.0147002 0.0160184 0.0123118 0.0107300 0.0155099 0.0155099 0.0205214 0.0213763 0.0205214 0.0163206 0.0155099 0.0205214 0.0155099 0.0155099 0.0171175 0.0223168 0.0163042 0.0163247 0.0171175 0.0163247 0.0155099 0.0155099 0.0163247 0.0171102 0.0131198 0.0131198 0.0179266 0.0118237 0.0131198 0.0131198 0.0131198 0.0131198 0.0131198 0.0139215 0.0139215 0.0131198 0.0139347 0.0131198 0.0131198 0.0131198 0.0131198 0.0139215 0.0131198 0.0131198 0.0171175 0.0155099 0.0220555 0.0158229 0.0049294 0.0131198 0.0138518 
KX148261     0.0138945 0.0155028 0.0123824 0.0393892 0.0060584 0.0349628 0.0386935 0.0107928 0.0092142 0.0107928 0.0000000 0.0130981 0.0314884 0.0099490 0.0107371 0.0107371 0.0139192 0.0139308 0.0099490 0.0115223 0.0107457 0.0138945 0.0154944 0.0163326 0.0139696 0.0163332 0.0147138 0.0306533 0.0131990 0.0141228 0.0099643 0.0107412 0.0147084 0.0155007 0.0171289 0.0107575 0.0171194 0.0123892 0.0163108 0.0171194 0.0187534 0.0146923 0.0163153 0.0115208 0.0108138 0.0146923 0.0155050 0.0092167 0.0107412 0.0163324 0.0162993 0.0139083 0.0147066 0.0146881 0.0290526 0.0139696 0.0288827 0.0155135 0.0154964 0.0107928 0.0123958 0.0091651 0.0297799 0.0131990 0.0179385 0.0139330 0.0131182 0.0187939 0.0139192 0.0123151 0.1457361 0.1539314 0.1485325 0.1455614 0.1498820 0.0123266 0.0163061 0.0202320 0.0155007 0.0138951 0.0171223 0.0171223 0.0221799 0.0230431 0.0221799 0.0179394 0.0171223 0.0221799 0.0171223 0.0171223 0.0171173 0.0239976 0.0163041 0.0163246 0.0171173 0.0163246 0.0171223 0.0171223 0.0163246 0.0171100 0.0115255 0.0115255 0.0179264 0.0118240 0.0115255 0.0115255 0.0115255 0.0115255 0.0115255 0.0155245 0.0155245 0.0115255 0.0123317 0.0115255 0.0115255 0.0115255 0.0115255 0.0123202 0.0115255 0.0115255 0.0187407 0.0171223 0.0220547 0.0205834 0.0089647 0.0115255 0.0179949 
KX148262     0.0098948 0.0162237 0.0115188 0.0475870 0.0114428 0.0382037 0.0419637 0.0131087 0.0115203 0.0131087 0.0130981 0.0000000 0.0356681 0.0154201 0.0162260 0.0162260 0.0194778 0.0178702 0.0154201 0.0170254 0.0162396 0.0098948 0.0178229 0.0170534 0.0163016 0.0170541 0.0170414 0.0348279 0.0139056 0.0164805 0.0146465 0.0146334 0.0170353 0.0162216 0.0178479 0.0146558 0.0178379 0.0130980 0.0170306 0.0178379 0.0194696 0.0154141 0.0186510 0.0138284 0.0115287 0.0154141 0.0178353 0.0131068 0.0154323 0.0170531 0.0186324 0.0162306 0.0170332 0.0170114 0.0332210 0.0163016 0.0330253 0.0178451 0.0178252 0.0155056 0.0131050 0.0130331 0.0339406 0.0139056 0.0186560 0.0194985 0.0186589 0.0195117 0.0194775 0.0178353 0.1588767 0.1653706 0.1618515 0.1588020 0.1632230 0.0187451 0.0170256 0.0211559 0.0178303 0.0162149 0.0178410 0.0178410 0.0228948 0.0237576 0.0228948 0.0186570 0.0178410 0.0228948 0.0178410 0.0178410 0.0194564 0.0247136 0.0186379 0.0186617 0.0194564 0.0186617 0.0178410 0.0178410 0.0186617 0.0194480 0.0170304 0.0170304 0.0202698 0.0168366 0.0170304 0.0170304 0.0170304 0.0170304 0.0170304 0.0178584 0.0178584 0.0170304 0.0178603 0.0170304 0.0170304 0.0170304 0.0170304 0.0178429 0.0170304 0.0170304 0.0194564 0.0178410 0.0244243 0.0204191 0.0068845 0.0170304 0.0189170 
KX148263     0.0347671 0.0330777 0.0350255 0.0276235 0.0295397 0.0382767 0.0420458 0.0332615 0.0315059 0.0332615 0.0314884 0.0356681 0.0000000 0.0332014 0.0340879 0.0340879 0.0376604 0.0369700 0.0332014 0.0332059 0.0334124 0.0347671 0.0347991 0.0357615 0.0332403 0.0342951 0.0339791 0.0211747 0.0359640 0.0336212 0.0315014 0.0323553 0.0339702 0.0348156 0.0358880 0.0324077 0.0358639 0.0332910 0.0357059 0.0358639 0.0376560 0.0339240 0.0339702 0.0332014 0.0333295 0.0339240 0.0330841 0.0315133 0.0332286 0.0350337 0.0356765 0.0330968 0.0339658 0.0339124 0.0187152 0.0332403 0.0195041 0.0341069 0.0313047 0.0323849 0.0350665 0.0296105 0.0203460 0.0359640 0.0367669 0.0377107 0.0349616 0.0377531 0.0376574 0.0358431 0.1400635 0.1435889 0.1435225 0.1405768 0.1448654 0.0369316 0.0356935 0.0355121 0.0348156 0.0330577 0.0365955 0.0365955 0.0404364 0.0414017 0.0404364 0.0374938 0.0365955 0.0404364 0.0365955 0.0365955 0.0383500 0.0425152 0.0374490 0.0375058 0.0383500 0.0375058 0.0365955 0.0365955 0.0375058 0.0365649 0.0349664 0.0349664 0.0392356 0.0343174 0.0349664 0.0349664 0.0349664 0.0349664 0.0349664 0.0348836 0.0348836 0.0349664 0.0359020 0.0349664 0.0349664 0.0349664 0.0349664 0.0358606 0.0349664 0.0349664 0.0365827 0.0365955 0.0419946 0.0314381 0.0280455 0.0349664 0.0352999 
LC550018     0.0162217 0.0178410 0.0147142 0.0449868 0.0098859 0.0374736 0.0393617 0.0115299 0.0115251 0.0115299 0.0099490 0.0154201 0.0332014 0.0000000 0.0007426 0.0007426 0.0037425 0.0037453 0.0000010 0.0014875 0.0007431 0.0162217 0.0178312 0.0186798 0.0163090 0.0186807 0.0170492 0.0323631 0.0155391 0.0164881 0.0000010 0.0007429 0.0170431 0.0178386 0.0194792 0.0007440 0.0194681 0.0147223 0.0186545 0.0194681 0.0211135 0.0170241 0.0186598 0.0014873 0.0131398 0.0170241 0.0178436 0.0115282 0.0007429 0.0186794 0.0186412 0.0162380 0.0170410 0.0170192 0.0307580 0.0163090 0.0305767 0.0178535 0.0178335 0.0131140 0.0147302 0.0114637 0.0314824 0.0155391 0.0202934 0.0037456 0.0029880 0.0211598 0.0037426 0.0022356 0.1502930 0.1565181 0.1531311 0.1501534 0.1544787 0.0030015 0.0186490 0.0222275 0.0162289 0.0146246 0.0194716 0.0194716 0.0245758 0.0254479 0.0245758 0.0202945 0.0194716 0.0245758 0.0194716 0.0194716 0.0194658 0.0264187 0.0186467 0.0186705 0.0194658 0.0186705 0.0194716 0.0194716 0.0186705 0.0194573 0.0014879 0.0014879 0.0202796 0.0000010 0.0014879 0.0014879 0.0014879 0.0014879 0.0014879 0.0178667 0.0178667 0.0014879 0.0022383 0.0014879 0.0014879 0.0014879 0.0014879 0.0022364 0.0014879 0.0014879 0.0210990 0.0194716 0.0244371 0.0228383 0.0099226 0.0014879 0.0199696 
LC550019     0.0170309 0.0186570 0.0155222 0.0459447 0.0106690 0.0383954 0.0402934 0.0123250 0.0123199 0.0123250 0.0107371 0.0162260 0.0340879 0.0007426 0.0000000 0.0000010 0.0045002 0.0045036 0.0007426 0.0022359 0.0014893 0.0170309 0.0186467 0.0195005 0.0171226 0.0195016 0.0178628 0.0332473 0.0163516 0.0173110 0.0007437 0.0014889 0.0178564 0.0186545 0.0203025 0.0014910 0.0202909 0.0155307 0.0194740 0.0202909 0.0219432 0.0178364 0.0194796 0.0022356 0.0139428 0.0178364 0.0186598 0.0123232 0.0014889 0.0195001 0.0194599 0.0170481 0.0178543 0.0178312 0.0316386 0.0171226 0.0314518 0.0186702 0.0186492 0.0139152 0.0155391 0.0122540 0.0323636 0.0163516 0.0211199 0.0045040 0.0037426 0.0219918 0.0045003 0.0029869 0.1517549 0.1580258 0.1546166 0.1516261 0.1559685 0.0037595 0.0194681 0.0233036 0.0170384 0.0154275 0.0202945 0.0202945 0.0254247 0.0263016 0.0254247 0.0211211 0.0202945 0.0254247 0.0202945 0.0202945 0.0202884 0.0272800 0.0194658 0.0194908 0.0202884 0.0194908 0.0202945 0.0202945 0.0194908 0.0202796 0.0007423 0.0007423 0.0211054 0.0000010 0.0007423 0.0007423 0.0007423 0.0007423 0.0007423 0.0186842 0.0186842 0.0007423 0.0014890 0.0007423 0.0007423 0.0007423 0.0007423 0.0014877 0.0007423 0.0007423 0.0219282 0.0202945 0.0252809 0.0240569 0.0109451 0.0007423 0.0210271 
LC550020     0.0170309 0.0186570 0.0155222 0.0459447 0.0106690 0.0383954 0.0402934 0.0123250 0.0123199 0.0123250 0.0107371 0.0162260 0.0340879 0.0007426 0.0000010 0.0000000 0.0045002 0.0045036 0.0007426 0.0022359 0.0014893 0.0170309 0.0186467 0.0195005 0.0171226 0.0195016 0.0178628 0.0332473 0.0163516 0.0173110 0.0007437 0.0014889 0.0178564 0.0186545 0.0203025 0.0014910 0.0202909 0.0155307 0.0194740 0.0202909 0.0219432 0.0178364 0.0194796 0.0022356 0.0139428 0.0178364 0.0186598 0.0123232 0.0014889 0.0195001 0.0194599 0.0170481 0.0178543 0.0178312 0.0316386 0.0171226 0.0314518 0.0186702 0.0186492 0.0139152 0.0155391 0.0122540 0.0323636 0.0163516 0.0211199 0.0045040 0.0037426 0.0219918 0.0045003 0.0029869 0.1517549 0.1580258 0.1546166 0.1516261 0.1559685 0.0037595 0.0194681 0.0233036 0.0170384 0.0154275 0.0202945 0.0202945 0.0254247 0.0263016 0.0254247 0.0211211 0.0202945 0.0254247 0.0202945 0.0202945 0.0202884 0.0272800 0.0194658 0.0194908 0.0202884 0.0194908 0.0202945 0.0202945 0.0194908 0.0202796 0.0007423 0.0007423 0.0211054 0.0000010 0.0007423 0.0007423 0.0007423 0.0007423 0.0007423 0.0186842 0.0186842 0.0007423 0.0014890 0.0007423 0.0007423 0.0007423 0.0007423 0.0014877 0.0007423 0.0007423 0.0219282 0.0202945 0.0252809 0.0240569 0.0109451 0.0007423 0.0210271 
LC550022     0.0202959 0.0203076 0.0187830 0.0490389 0.0138302 0.0421094 0.0440475 0.0155346 0.0155281 0.0155346 0.0139192 0.0194778 0.0376604 0.0037425 0.0045002 0.0045002 0.0000000 0.0075682 0.0037425 0.0052583 0.0045035 0.0202959 0.0219368 0.0228117 0.0204054 0.0228133 0.0211455 0.0360654 0.0196302 0.0206318 0.0037481 0.0045020 0.0211382 0.0219462 0.0236237 0.0045086 0.0236098 0.0187933 0.0227798 0.0236098 0.0252900 0.0211136 0.0227869 0.0052577 0.0171840 0.0211136 0.0219527 0.0155322 0.0045020 0.0228110 0.0227630 0.0203170 0.0211356 0.0211072 0.0344399 0.0204054 0.0342358 0.0219651 0.0219397 0.0171491 0.0188037 0.0154441 0.0351660 0.0196302 0.0244535 0.0075691 0.0067920 0.0253478 0.0075623 0.0060223 0.1576560 0.1641226 0.1578581 0.1548314 0.1592233 0.0068233 0.0227728 0.0265676 0.0186751 0.0170499 0.0236142 0.0236142 0.0271453 0.0280323 0.0271453 0.0244551 0.0236142 0.0271453 0.0236142 0.0236142 0.0236068 0.0290266 0.0227700 0.0228002 0.0236068 0.0228002 0.0236142 0.0236142 0.0228002 0.0235963 0.0052597 0.0052597 0.0244365 0.0038306 0.0052597 0.0052597 0.0052597 0.0052597 0.0052597 0.0219827 0.0219827 0.0052597 0.0060300 0.0052597 0.0052597 0.0052597 0.0052597 0.0060247 0.0052597 0.0052597 0.0236068 0.0236142 0.0286834 0.0265284 0.0140460 0.0052597 0.0242344 
LC550023     0.0186829 0.0203252 0.0187992 0.0491181 0.0138417 0.0421521 0.0440928 0.0155478 0.0155412 0.0155478 0.0139308 0.0178702 0.0369700 0.0037453 0.0045036 0.0045036 0.0075682 0.0000000 0.0037453 0.0052633 0.0045069 0.0186829 0.0219560 0.0211796 0.0204232 0.0195402 0.0195084 0.0368467 0.0196473 0.0206501 0.0037510 0.0045054 0.0211567 0.0203225 0.0203430 0.0045121 0.0219751 0.0188095 0.0211504 0.0219751 0.0236442 0.0194958 0.0228070 0.0037453 0.0171987 0.0194958 0.0203109 0.0155453 0.0045054 0.0195388 0.0227830 0.0203346 0.0211541 0.0211256 0.0352220 0.0204232 0.0350134 0.0203223 0.0219589 0.0171638 0.0188200 0.0154571 0.0359460 0.0196473 0.0228129 0.0075751 0.0067974 0.0220364 0.0075683 0.0060271 0.1572168 0.1636962 0.1574152 0.1543797 0.1587848 0.0068287 0.0211439 0.0276895 0.0203225 0.0186833 0.0219792 0.0219792 0.0271700 0.0280580 0.0271700 0.0228142 0.0219792 0.0271700 0.0219792 0.0219792 0.0219724 0.0290535 0.0211413 0.0211690 0.0219724 0.0211690 0.0219792 0.0219792 0.0211690 0.0219627 0.0052647 0.0052647 0.0227971 0.0048040 0.0052647 0.0052647 0.0052647 0.0052647 0.0052647 0.0220020 0.0220020 0.0052647 0.0060347 0.0052647 0.0052647 0.0052647 0.0052647 0.0060295 0.0052647 0.0052647 0.0236278 0.0219792 0.0270154 0.0277821 0.0140612 0.0052647 0.0253350 
LC550024     0.0162217 0.0178410 0.0147142 0.0449868 0.0098859 0.0374736 0.0393617 0.0115299 0.0115251 0.0115299 0.0099490 0.0154201 0.0332014 0.0000010 0.0007426 0.0007426 0.0037425 0.0037453 0.0000000 0.0014875 0.0007431 0.0162217 0.0178312 0.0186798 0.0163090 0.0186807 0.0170492 0.0323631 0.0155391 0.0164881 0.0000010 0.0007429 0.0170431 0.0178386 0.0194792 0.0007440 0.0194681 0.0147223 0.0186545 0.0194681 0.0211135 0.0170241 0.0186598 0.0014873 0.0131398 0.0170241 0.0178436 0.0115282 0.0007429 0.0186794 0.0186412 0.0162380 0.0170410 0.0170192 0.0307580 0.0163090 0.0305767 0.0178535 0.0178335 0.0131140 0.0147302 0.0114637 0.0314824 0.0155391 0.0202934 0.0037456 0.0029880 0.0211598 0.0037426 0.0022356 0.1502930 0.1565181 0.1531311 0.1501534 0.1544787 0.0030015 0.0186490 0.0222275 0.0162289 0.0146246 0.0194716 0.0194716 0.0245758 0.0254479 0.0245758 0.0202945 0.0194716 0.0245758 0.0194716 0.0194716 0.0194658 0.0264187 0.0186467 0.0186705 0.0194658 0.0186705 0.0194716 0.0194716 0.0186705 0.0194573 0.0014879 0.0014879 0.0202796 0.0000010 0.0014879 0.0014879 0.0014879 0.0014879 0.0014879 0.0178667 0.0178667 0.0014879 0.0022383 0.0014879 0.0014879 0.0014879 0.0014879 0.0022364 0.0014879 0.0014879 0.0210990 0.0194716 0.0244371 0.0228383 0.0099226 0.0014879 0.0199696 
LC550025     0.0178331 0.0178433 0.0163241 0.0468705 0.0114490 0.0392927 0.0411989 0.0131161 0.0131106 0.0131161 0.0115223 0.0170254 0.0332059 0.0014875 0.0022359 0.0022359 0.0052583 0.0052633 0.0014875 0.0000000 0.0022375 0.0178331 0.0178335 0.0186822 0.0163111 0.0186832 0.0170515 0.0341121 0.0171575 0.0164903 0.0014898 0.0022368 0.0170454 0.0178410 0.0194818 0.0022400 0.0194707 0.0163331 0.0186570 0.0194707 0.0211163 0.0170264 0.0186623 0.0029854 0.0147408 0.0170264 0.0178460 0.0131141 0.0022368 0.0186819 0.0186436 0.0162401 0.0170433 0.0170214 0.0325010 0.0163111 0.0323089 0.0178558 0.0178359 0.0147115 0.0163420 0.0130404 0.0332251 0.0171575 0.0202961 0.0052639 0.0044981 0.0211627 0.0052584 0.0037394 0.1503166 0.1565430 0.1531553 0.1501772 0.1545031 0.0045195 0.0186514 0.0222313 0.0162310 0.0146265 0.0194742 0.0194742 0.0245791 0.0254513 0.0245791 0.0202972 0.0194742 0.0245791 0.0194742 0.0194742 0.0194684 0.0264223 0.0186492 0.0186730 0.0194684 0.0186730 0.0194742 0.0194742 0.0186730 0.0194599 0.0029865 0.0029865 0.0202823 0.0019043 0.0029865 0.0029865 0.0029865 0.0029865 0.0029865 0.0178691 0.0178691 0.0029865 0.0037440 0.0029865 0.0029865 0.0029865 0.0029865 0.0037408 0.0029865 0.0029865 0.0211018 0.0194742 0.0244403 0.0228427 0.0109412 0.0029865 0.0199731 
LC550026     0.0170453 0.0186731 0.0155352 0.0452826 0.0106775 0.0384366 0.0403376 0.0123350 0.0123299 0.0123350 0.0107457 0.0162396 0.0334124 0.0007431 0.0014893 0.0014893 0.0045035 0.0045069 0.0007431 0.0022375 0.0000000 0.0170453 0.0186628 0.0195175 0.0171372 0.0195186 0.0178782 0.0325689 0.0163655 0.0173260 0.0007443 0.0014899 0.0178717 0.0186706 0.0203203 0.0014921 0.0203087 0.0155437 0.0194909 0.0203087 0.0219628 0.0178517 0.0187764 0.0022372 0.0139544 0.0178517 0.0186759 0.0123332 0.0014899 0.0195171 0.0194769 0.0170626 0.0178696 0.0178464 0.0309540 0.0171372 0.0307713 0.0186863 0.0186653 0.0139267 0.0155522 0.0122639 0.0316833 0.0163655 0.0211386 0.0045073 0.0037454 0.0220115 0.0045036 0.0029891 0.1514966 0.1578014 0.1543730 0.1513651 0.1557332 0.0037622 0.0194851 0.0233308 0.0170529 0.0154403 0.0203123 0.0203123 0.0254483 0.0263262 0.0254483 0.0211398 0.0203123 0.0254483 0.0203123 0.0203123 0.0203062 0.0273059 0.0194827 0.0195078 0.0203062 0.0195078 0.0203123 0.0203123 0.0195078 0.0202974 0.0022380 0.0022380 0.0211241 0.0009511 0.0022380 0.0022380 0.0022380 0.0022380 0.0022380 0.0187004 0.0187004 0.0022380 0.0029927 0.0022380 0.0022380 0.0022380 0.0022380 0.0029902 0.0022380 0.0022380 0.0219477 0.0203123 0.0253042 0.0240887 0.0109565 0.0022380 0.0210510 
LC571945     0.0000010 0.0170284 0.0139097 0.0466120 0.0106532 0.0362174 0.0399248 0.0139059 0.0123113 0.0139059 0.0138945 0.0098948 0.0347671 0.0162217 0.0170309 0.0170309 0.0202959 0.0186829 0.0162217 0.0178331 0.0170453 0.0000000 0.0186331 0.0178625 0.0154860 0.0171236 0.0178499 0.0339284 0.0179609 0.0156555 0.0154465 0.0154326 0.0178435 0.0170261 0.0186594 0.0154563 0.0186489 0.0171333 0.0178385 0.0186489 0.0202872 0.0162153 0.0194653 0.0146241 0.0155371 0.0162153 0.0186462 0.0139038 0.0162345 0.0178622 0.0194457 0.0170358 0.0178413 0.0178182 0.0323254 0.0154860 0.0321365 0.0186565 0.0170071 0.0163116 0.0171427 0.0138255 0.0330464 0.0179609 0.0194705 0.0203177 0.0194736 0.0203314 0.0202955 0.0170309 0.1604972 0.1670606 0.1635058 0.1604349 0.1648853 0.0195636 0.0178333 0.0179740 0.0186409 0.0170191 0.0186521 0.0186521 0.0237305 0.0245979 0.0237305 0.0194715 0.0186521 0.0237305 0.0186521 0.0186521 0.0202734 0.0255611 0.0194515 0.0194765 0.0202734 0.0194765 0.0186521 0.0186521 0.0194765 0.0202646 0.0178383 0.0178383 0.0210897 0.0137452 0.0178383 0.0178383 0.0178383 0.0178383 0.0178383 0.0186706 0.0186706 0.0178383 0.0186726 0.0178383 0.0178383 0.0178383 0.0178383 0.0186543 0.0178383 0.0178383 0.0202734 0.0186521 0.0252614 0.0180302 0.0068834 0.0178383 0.0157907 
MN726836     0.0186331 0.0091020 0.0171244 0.0473637 0.0153952 0.0380050 0.0417447 0.0138950 0.0139006 0.0138950 0.0154944 0.0178229 0.0347991 0.0178312 0.0186467 0.0186467 0.0219368 0.0219560 0.0178312 0.0178335 0.0186628 0.0186331 0.0000000 0.0075606 0.0060493 0.0098926 0.0067906 0.0357098 0.0195941 0.0061140 0.0170530 0.0170376 0.0052599 0.0075513 0.0091019 0.0170638 0.0090973 0.0155071 0.0083239 0.0090973 0.0106567 0.0067812 0.0067879 0.0178312 0.0171531 0.0067812 0.0075532 0.0138929 0.0178453 0.0083343 0.0007425 0.0060226 0.0067871 0.0007427 0.0340997 0.0060493 0.0338985 0.0075571 0.0075553 0.0179299 0.0187694 0.0154171 0.0348197 0.0195941 0.0098774 0.0203006 0.0211080 0.0106779 0.0219363 0.0202735 0.1595144 0.1688517 0.1625028 0.1594446 0.1638774 0.0195640 0.0083217 0.0097866 0.0075513 0.0060175 0.0090987 0.0090987 0.0138858 0.0147005 0.0138858 0.0098777 0.0090987 0.0138858 0.0090987 0.0090987 0.0106499 0.0155773 0.0098684 0.0098800 0.0106499 0.0098800 0.0090987 0.0090987 0.0098800 0.0106456 0.0194599 0.0194599 0.0114301 0.0199376 0.0194599 0.0194599 0.0194599 0.0194599 0.0194599 0.0075617 0.0075617 0.0194599 0.0203025 0.0194599 0.0194599 0.0194599 0.0194599 0.0202823 0.0194599 0.0194599 0.0106499 0.0090987 0.0153983 0.0065709 0.0058842 0.0194599 0.0077386 
MN726837     0.0178625 0.0091241 0.0179735 0.0465545 0.0162277 0.0381227 0.0418779 0.0147238 0.0147299 0.0147238 0.0163326 0.0170534 0.0357615 0.0186798 0.0195005 0.0195005 0.0228117 0.0211796 0.0186798 0.0186822 0.0195175 0.0178625 0.0075606 0.0000000 0.0076066 0.0045134 0.0083492 0.0349186 0.0204594 0.0069049 0.0178982 0.0178820 0.0083459 0.0029931 0.0045092 0.0179097 0.0029920 0.0163462 0.0037491 0.0029920 0.0045059 0.0022400 0.0083393 0.0170612 0.0180037 0.0022400 0.0091181 0.0147215 0.0186946 0.0037536 0.0083320 0.0075731 0.0083449 0.0075606 0.0333067 0.0076066 0.0331099 0.0091228 0.0098938 0.0187833 0.0196293 0.0162509 0.0340293 0.0204594 0.0037482 0.0220009 0.0219776 0.0060463 0.0228112 0.0211372 0.1543624 0.1627653 0.1599964 0.1542535 0.1586132 0.0220794 0.0037482 0.0108194 0.0091157 0.0075665 0.0045077 0.0045077 0.0091735 0.0099668 0.0091735 0.0052709 0.0045077 0.0091735 0.0045077 0.0045077 0.0060310 0.0108053 0.0052651 0.0052720 0.0060310 0.0052720 0.0045077 0.0045077 0.0052720 0.0060287 0.0203187 0.0203187 0.0067965 0.0199833 0.0203187 0.0203187 0.0203187 0.0203187 0.0203187 0.0091285 0.0091285 0.0203187 0.0204362 0.0203187 0.0203187 0.0203187 0.0203187 0.0211464 0.0203187 0.0203187 0.0060310 0.0045077 0.0106818 0.0077089 0.0048972 0.0203187 0.0087492 
MN726838     0.0154860 0.0075982 0.0155950 0.0457575 0.0138800 0.0364189 0.0401483 0.0123728 0.0123778 0.0123728 0.0139696 0.0163016 0.0332403 0.0163090 0.0171226 0.0171226 0.0204054 0.0204232 0.0163090 0.0163111 0.0171372 0.0154860 0.0060493 0.0076066 0.0000000 0.0083851 0.0052908 0.0341477 0.0180583 0.0000010 0.0155297 0.0155157 0.0052886 0.0060516 0.0075981 0.0155396 0.0075943 0.0139810 0.0068223 0.0075943 0.0091503 0.0052834 0.0068238 0.0163090 0.0156212 0.0052834 0.0060531 0.0123710 0.0163219 0.0068308 0.0068179 0.0045248 0.0052880 0.0068205 0.0325347 0.0000010 0.0323421 0.0060562 0.0075953 0.0163998 0.0172356 0.0138997 0.0332596 0.0180583 0.0083723 0.0187714 0.0195786 0.0091682 0.0204051 0.0187467 0.1579640 0.1673223 0.1609524 0.1578815 0.1623345 0.0196695 0.0068205 0.0078428 0.0060516 0.0045210 0.0075954 0.0075954 0.0123646 0.0131760 0.0123646 0.0083726 0.0075954 0.0123646 0.0075954 0.0075954 0.0091444 0.0140444 0.0083647 0.0083745 0.0091444 0.0083745 0.0075954 0.0075954 0.0083745 0.0091407 0.0179344 0.0179344 0.0099234 0.0179740 0.0179344 0.0179344 0.0179344 0.0179344 0.0179344 0.0060597 0.0060597 0.0179344 0.0187733 0.0179344 0.0179344 0.0179344 0.0179344 0.0187548 0.0179344 0.0179344 0.0091444 0.0075954 0.0138827 0.0066227 0.0039298 0.0179344 0.0058138 
MN726839     0.0171236 0.0099057 0.0179743 0.0458050 0.0154894 0.0382938 0.0420667 0.0147243 0.0147304 0.0147243 0.0163332 0.0170541 0.0342951 0.0186807 0.0195016 0.0195016 0.0228133 0.0195402 0.0186807 0.0186832 0.0195186 0.0171236 0.0098926 0.0045134 0.0083851 0.0000000 0.0091276 0.0341792 0.0204605 0.0084755 0.0178991 0.0178829 0.0091241 0.0037490 0.0022390 0.0179105 0.0052701 0.0163469 0.0045081 0.0052701 0.0068035 0.0029927 0.0091169 0.0170619 0.0180045 0.0029927 0.0098991 0.0147220 0.0186956 0.0014910 0.0106734 0.0083482 0.0091230 0.0091123 0.0325643 0.0083851 0.0323724 0.0099043 0.0091534 0.0187843 0.0196304 0.0162515 0.0332900 0.0204605 0.0060364 0.0228387 0.0219790 0.0037514 0.0228127 0.0211384 0.1607113 0.1702398 0.1637646 0.1578522 0.1623422 0.0220808 0.0045069 0.0118218 0.0098965 0.0083408 0.0052709 0.0052709 0.0099594 0.0107568 0.0099594 0.0060366 0.0052709 0.0099594 0.0052709 0.0052709 0.0067992 0.0116023 0.0060310 0.0060379 0.0067992 0.0060379 0.0052709 0.0052709 0.0060379 0.0067966 0.0203199 0.0203199 0.0075677 0.0199593 0.0203199 0.0203199 0.0203199 0.0203199 0.0203199 0.0099105 0.0099105 0.0203199 0.0204374 0.0203199 0.0203199 0.0203199 0.0203199 0.0211477 0.0203199 0.0203199 0.0067992 0.0052709 0.0114695 0.0099617 0.0048957 0.0203199 0.0097369 
MN726840     0.0178499 0.0083399 0.0163396 0.0445976 0.0146197 0.0362536 0.0399649 0.0131177 0.0131230 0.0131177 0.0147138 0.0170414 0.0339791 0.0170492 0.0178628 0.0178628 0.0211455 0.0195084 0.0170492 0.0170515 0.0178782 0.0178499 0.0067906 0.0083492 0.0052908 0.0091276 0.0000000 0.0331096 0.0188032 0.0053473 0.0162714 0.0162568 0.0060310 0.0067932 0.0083398 0.0162817 0.0083356 0.0147259 0.0075639 0.0083356 0.0098913 0.0060250 0.0075655 0.0170492 0.0163670 0.0060250 0.0014885 0.0131157 0.0170628 0.0075733 0.0075589 0.0052674 0.0060302 0.0075618 0.0315071 0.0052908 0.0313228 0.0014892 0.0083366 0.0171438 0.0179805 0.0146405 0.0322296 0.0188032 0.0091136 0.0195123 0.0203187 0.0099108 0.0211451 0.0194864 0.1585731 0.1650869 0.1593524 0.1563150 0.1607210 0.0204128 0.0075618 0.0097933 0.0067932 0.0052620 0.0083368 0.0083368 0.0131090 0.0139211 0.0131090 0.0091139 0.0083368 0.0131090 0.0083368 0.0083368 0.0098850 0.0147925 0.0091054 0.0091160 0.0098850 0.0091160 0.0083368 0.0083368 0.0091160 0.0098810 0.0186744 0.0186744 0.0106636 0.0199526 0.0186744 0.0186744 0.0186744 0.0186744 0.0186744 0.0068024 0.0068024 0.0186744 0.0195142 0.0186744 0.0186744 0.0186744 0.0186744 0.0194949 0.0186744 0.0186744 0.0098850 0.0083368 0.0146226 0.0088198 0.0058881 0.0186744 0.0077438 
MN726841     0.0339284 0.0322120 0.0324321 0.0149331 0.0287149 0.0428892 0.0448303 0.0324214 0.0306702 0.0324214 0.0306533 0.0348279 0.0211747 0.0323631 0.0332473 0.0332473 0.0360654 0.0368467 0.0323631 0.0341121 0.0325689 0.0339284 0.0357098 0.0349186 0.0341477 0.0341792 0.0331096 0.0000000 0.0351164 0.0345403 0.0315482 0.0315183 0.0348782 0.0339765 0.0357682 0.0315693 0.0357442 0.0324501 0.0348646 0.0357442 0.0375315 0.0330874 0.0348782 0.0323631 0.0324876 0.0330874 0.0322182 0.0306773 0.0323897 0.0349162 0.0365917 0.0340012 0.0331269 0.0348192 0.0030074 0.0341477 0.0014903 0.0332343 0.0321971 0.0315461 0.0342212 0.0287836 0.0022415 0.0351164 0.0366448 0.0368598 0.0359116 0.0376280 0.0350079 0.0349989 0.1492284 0.1555034 0.1490791 0.1460991 0.1504321 0.0360807 0.0348525 0.0378628 0.0357269 0.0339605 0.0357521 0.0357521 0.0413839 0.0423561 0.0413839 0.0366481 0.0357521 0.0413839 0.0357521 0.0357521 0.0375033 0.0434794 0.0366045 0.0366598 0.0375033 0.0366598 0.0357521 0.0357521 0.0366598 0.0374849 0.0341239 0.0341239 0.0383872 0.0343473 0.0341239 0.0341239 0.0341239 0.0341239 0.0341239 0.0340423 0.0340423 0.0341239 0.0343268 0.0341239 0.0341239 0.0341239 0.0341239 0.0350158 0.0341239 0.0341239 0.0375033 0.0357521 0.0411393 0.0340681 0.0291806 0.0341239 0.0353309 
MN726842     0.0179609 0.0196050 0.0164415 0.0460653 0.0131143 0.0403587 0.0441911 0.0148175 0.0132042 0.0148175 0.0131990 0.0139056 0.0359640 0.0155391 0.0163516 0.0163516 0.0196302 0.0196473 0.0155391 0.0171575 0.0163655 0.0179609 0.0195941 0.0204594 0.0180583 0.0204605 0.0188032 0.0351164 0.0000000 0.0174092 0.0147595 0.0147462 0.0187965 0.0196024 0.0212693 0.0147689 0.0212569 0.0037462 0.0204311 0.0212569 0.0229278 0.0187750 0.0204372 0.0155391 0.0007443 0.0187750 0.0196081 0.0132077 0.0155515 0.0204589 0.0204162 0.0179793 0.0187942 0.0187694 0.0334956 0.0180583 0.0332975 0.0196191 0.0195967 0.0115530 0.0007433 0.0091394 0.0342217 0.0000010 0.0220954 0.0196513 0.0171602 0.0229793 0.0196299 0.0179741 0.1540873 0.1583923 0.1600485 0.1539755 0.1614218 0.0188920 0.0204249 0.0222348 0.0196024 0.0179614 0.0212608 0.0212608 0.0264538 0.0273419 0.0264538 0.0220967 0.0212608 0.0264538 0.0212608 0.0212608 0.0212358 0.0283366 0.0220733 0.0221026 0.0212358 0.0221026 0.0212608 0.0212608 0.0221026 0.0229017 0.0171625 0.0171625 0.0220608 0.0158230 0.0171625 0.0171625 0.0171625 0.0171625 0.0171625 0.0196342 0.0196342 0.0171625 0.0179995 0.0171625 0.0171625 0.0171625 0.0171625 0.0179818 0.0171625 0.0171625 0.0229119 0.0212608 0.0262791 0.0216355 0.0099212 0.0171625 0.0199763 
MN726843     0.0156555 0.0076799 0.0157669 0.0463059 0.0140313 0.0350017 0.0387411 0.0125081 0.0125132 0.0125081 0.0141228 0.0164805 0.0336212 0.0164881 0.0173110 0.0173110 0.0206318 0.0206501 0.0164881 0.0164903 0.0173260 0.0156555 0.0061140 0.0069049 0.0000010 0.0084755 0.0053473 0.0345403 0.0174092 0.0000000 0.0157002 0.0156859 0.0053451 0.0061163 0.0076798 0.0156855 0.0068936 0.0133076 0.0068955 0.0068936 0.0084601 0.0053398 0.0068970 0.0164881 0.0149568 0.0053398 0.0061179 0.0125062 0.0165013 0.0068990 0.0068909 0.0045731 0.0053445 0.0068936 0.0329087 0.0000010 0.0327127 0.0061210 0.0076769 0.0165809 0.0165816 0.0140515 0.0336410 0.0174092 0.0076768 0.0189791 0.0197954 0.0092673 0.0206315 0.0189537 0.1522736 0.1585103 0.1551877 0.1521468 0.1565620 0.0198883 0.0068936 0.0078428 0.0061163 0.0045692 0.0076770 0.0076770 0.0124997 0.0133205 0.0124997 0.0084627 0.0076770 0.0124997 0.0076770 0.0076770 0.0092430 0.0141994 0.0084547 0.0084647 0.0092430 0.0084647 0.0076770 0.0076770 0.0084647 0.0092392 0.0181321 0.0181321 0.0100305 0.0179740 0.0181321 0.0181321 0.0181321 0.0181321 0.0181321 0.0061247 0.0061247 0.0181321 0.0189810 0.0181321 0.0181321 0.0181321 0.0181321 0.0189620 0.0181321 0.0181321 0.0092430 0.0076770 0.0140341 0.0066227 0.0039298 0.0181321 0.0058138 
MN726844     0.0154465 0.0170623 0.0139373 0.0441319 0.0099011 0.0366358 0.0385186 0.0107592 0.0107548 0.0107592 0.0099643 0.0146465 0.0315014 0.0000010 0.0007437 0.0007437 0.0037481 0.0037510 0.0000010 0.0014898 0.0007443 0.0154465 0.0170530 0.0178982 0.0155297 0.0178991 0.0162714 0.0315482 0.0147595 0.0157002 0.0000000 0.0000010 0.0162655 0.0170600 0.0186968 0.0000010 0.0186862 0.0139449 0.0178742 0.0186862 0.0203281 0.0162475 0.0178791 0.0007435 0.0123646 0.0162475 0.0170649 0.0107577 0.0007434 0.0178979 0.0178614 0.0154619 0.0162635 0.0162428 0.0299432 0.0155297 0.0297677 0.0170742 0.0170552 0.0131240 0.0139524 0.0106975 0.0306704 0.0147595 0.0195096 0.0037513 0.0029925 0.0203725 0.0037482 0.0022390 0.1506071 0.1568519 0.1534547 0.1504696 0.1548054 0.0030060 0.0178689 0.0212125 0.0154533 0.0138524 0.0186895 0.0186895 0.0237792 0.0246485 0.0237792 0.0195106 0.0186895 0.0237792 0.0186895 0.0186895 0.0186840 0.0256141 0.0178667 0.0178894 0.0186840 0.0178894 0.0186895 0.0186895 0.0178894 0.0186759 0.0014901 0.0014901 0.0194963 0.0000010 0.0014901 0.0014901 0.0014901 0.0014901 0.0014901 0.0170867 0.0170867 0.0014901 0.0022417 0.0014901 0.0014901 0.0014901 0.0014901 0.0022398 0.0014901 0.0014901 0.0203142 0.0186895 0.0236449 0.0216910 0.0089282 0.0014901 0.0189666 
