Substitution rate (mu): 1.0

Equilibrium frequencies (pi_i):
<<<<<<< HEAD
  A: 0.2708
  C: 0.2441
  G: 0.2242
=======
  A: 0.2709
  C: 0.2441
  G: 0.2241
>>>>>>> 9dfe8a78bafcf553c267358f5c39e346a42ec971
  T: 0.251
  -: 0.0099

Symmetrized rates from j->i (W_ij):
	A	C	G	T	-
<<<<<<< HEAD
  A	0	0.4827	3.031	0.2131	2.8467
  C	0.4827	0	0.0947	3.7017	2.4904
  G	3.031	0.0947	0	0.3353	3.6833
  T	0.2131	3.7017	0.3353	0	2.2917
  -	2.8467	2.4904	3.6833	2.2917	0

Actual rates from j->i (Q_ij):
	A	C	G	T	-
  A	0	0.1307	0.8207	0.0577	0.7708
  C	0.1178	0	0.0231	0.9035	0.6079
  G	0.6796	0.0212	0	0.0752	0.8258
  T	0.0535	0.9292	0.0842	0	0.5753
  -	0.0283	0.0247	0.0366	0.0227	0
=======
  A	0	0.4826	3.0315	0.2131	2.8385
  C	0.4826	0	0.0947	3.702	2.4831
  G	3.0315	0.0947	0	0.3354	3.6726
  T	0.2131	3.702	0.3354	0	2.2851
  -	2.8385	2.4831	3.6726	2.2851	0

Actual rates from j->i (Q_ij):
	A	C	G	T	-
  A	0	0.1307	0.8212	0.0577	0.7689
  C	0.1178	0	0.0231	0.9036	0.6061
  G	0.6793	0.0212	0	0.0752	0.823
  T	0.0535	0.9293	0.0842	0	0.5736
  -	0.0282	0.0246	0.0365	0.0227	0
>>>>>>> 9dfe8a78bafcf553c267358f5c39e346a42ec971

