Substitution rate (mu): 1.0

Equilibrium frequencies (pi_i):
  A: 0.3033
  C: 0.212
  G: 0.2249
  T: 0.2499
  -: 0.0099

Symmetrized rates from j->i (W_ij):
	A	C	G	T	-
<<<<<<< HEAD
  A	0	0.4964	2.766	0.1952	2.7224
  C	0.4964	0	0.1067	4.1876	2.6201
  G	2.766	0.1067	0	0.3367	3.6828
  T	0.1952	4.1876	0.3367	0	2.2945
  -	2.7224	2.6201	3.6828	2.2945	0

Actual rates from j->i (Q_ij):
	A	C	G	T	-
  A	0	0.1506	0.8389	0.0592	0.8257
  C	0.1052	0	0.0226	0.8877	0.5554
  G	0.622	0.024	0	0.0757	0.8281
  T	0.0488	1.0466	0.0842	0	0.5735
  -	0.027	0.026	0.0366	0.0228	0
=======
  A	0	0.4824	3.0303	0.213	2.8414
  C	0.4824	0	0.0947	3.7033	2.4858
  G	3.0303	0.0947	0	0.3353	3.6766
  T	0.213	3.7033	0.3353	0	2.2875
  -	2.8414	2.4858	3.6766	2.2875	0

Actual rates from j->i (Q_ij):
	A	C	G	T	-
  A	0	0.1307	0.8209	0.0577	0.7697
  C	0.1178	0	0.0231	0.904	0.6068
  G	0.679	0.0212	0	0.0751	0.8239
  T	0.0535	0.9295	0.0842	0	0.5742
  -	0.0282	0.0247	0.0365	0.0227	0
>>>>>>> 455e1fb448468b7a8c7d05ec90a54aaf4a02064e

