167
EF564174      0.0000000 0.0661394 0.0014916 0.0571160 0.0181032 0.0669910 0.0663662 0.0022426 0.0000010 0.0571160 0.0682171 0.0602897 0.0643904 0.0877228 0.0646705 0.0629853 0.0640400 0.0645684 0.1032164 0.1051948 0.1066383 0.1154384 0.1005496 0.1065868 0.1088042 0.1065783 0.1064909 0.1065783 0.1037957 0.1019721 0.1001768 0.1036863 0.1049738 0.1049738 0.1101872 0.1044205 0.1036863 0.1061317 0.1048072 0.1032164 0.1127945 0.1094960 0.1110392 0.1033399 0.1074796 0.1053659 0.1085003 0.1112577 0.1023542 0.1049886 0.1114055 0.1053390 0.1028076 0.1051949 0.1078650 0.1097210 0.1092524 0.1078650 0.1104230 0.1066335 0.1117902 0.1061131 0.1073972 0.1066335 0.1078374 0.1063748 0.1025678 0.1041059 0.1140470 0.1105416 0.1100681 0.1114738 0.1016549 0.1110392 0.1026576 0.1094614 0.1051179 0.1038863 0.1098219 0.1032778 0.1041922 0.1085003 0.1091817 0.1104373 0.1039851 0.1081730 0.1074314 0.1074112 0.1355687 0.1398390 0.1393898 0.1335377 0.1380212 0.1062778 0.1037872 0.1067308 0.1036863 0.1057028 0.1028525 0.1115933 0.1082540 0.0996155 0.1077580 0.1024054 0.1072237 0.1072237 0.1072237 0.1072237 0.1135409 0.1135409 0.1051648 0.1049068 0.1056063 0.1024702 0.1080065 0.1040327 0.1084944 0.1102501 0.1036863 0.1015330 0.1036863 0.1088579 0.1075414 0.1036863 0.1006642 0.1028525 0.1040691 0.1080232 0.1080232 0.1113200 0.1213334 0.0000010 0.1113413 0.1136581 0.1110796 0.1052106 0.1075558 0.1103300 0.1080232 0.1123742 0.1140220 0.1123742 0.1093321 0.1080232 0.1123742 0.1093528 0.1061981 0.1033537 0.1050578 0.1037523 0.1037523 0.1080232 0.1104126 0.1080232 0.1157063 0.1110752 0.1213334 0.1213334 0.1096087 0.1036863 0.1019805 0.1117676 0.1147243 0.1111074 0.1086440 0.0931610 0.1146481 
EU643590      0.0661394 0.0000000 0.0661394 0.0204591 0.0793886 0.0254386 0.0230486 0.0650759 0.0661394 0.0204591 0.0246436 0.0230109 0.0264360 0.0870244 0.0668733 0.0612547 0.0622896 0.0641106 0.1261680 0.1229706 0.1200495 0.1369868 0.1207234 0.1218681 0.1240811 0.1252663 0.1226072 0.1252663 0.1215542 0.1209307 0.1192511 0.1212298 0.1225873 0.1225873 0.1281070 0.1221003 0.1212298 0.1237855 0.1225101 0.1261680 0.1283682 0.1275930 0.1292168 0.1244709 0.1271784 0.1235996 0.1237427 0.1283485 0.1197858 0.1226023 0.1295988 0.1231467 0.1254115 0.1228492 0.1232506 0.1250082 0.1217750 0.1232506 0.1259204 0.1245133 0.1299618 0.1237640 0.1226128 0.1245133 0.1257699 0.1242804 0.1200737 0.1242429 0.1296686 0.1286562 0.1281306 0.1269862 0.1218346 0.1292168 0.1234151 0.1274851 0.1256205 0.1216620 0.1251263 0.1209391 0.1251326 0.1237427 0.1246306 0.1280655 0.1256357 0.1286705 0.1226108 0.1251318 0.1357850 0.1423551 0.1470066 0.1440220 0.1456225 0.1239633 0.1240868 0.1216940 0.1212298 0.1252067 0.1230645 0.1296997 0.1244994 0.1222993 0.1204326 0.1198788 0.1249381 0.1249381 0.1249381 0.1249381 0.1344479 0.1344479 0.1255710 0.1225056 0.1233363 0.1199582 0.1285688 0.1243032 0.1291289 0.1282814 0.1212298 0.1240334 0.1212298 0.1295105 0.1280438 0.1212298 0.1211893 0.1230645 0.1218079 0.1257894 0.1257894 0.1323424 0.1325372 0.0000010 0.1269162 0.1245979 0.1289571 0.1256510 0.1254508 0.1214177 0.1257894 0.1305321 0.1323424 0.1305321 0.1271675 0.1257894 0.1305321 0.1220959 0.1240651 0.1208393 0.1254372 0.1213104 0.1213104 0.1257894 0.1282690 0.1257894 0.1310166 0.1274999 0.1325372 0.1325372 0.1330157 0.1212298 0.1193788 0.1257180 0.1337334 0.1190043 0.1152369 0.1080447 0.1292542 
FJ959397      0.0014916 0.0661394 0.0000000 0.0550757 0.0164475 0.0648592 0.0642292 0.0007441 0.0014916 0.0550757 0.0660669 0.0582150 0.0622781 0.0853323 0.0625445 0.0608868 0.0619309 0.0624683 0.1006624 0.1051948 0.1040328 0.1127183 0.0980280 0.1039705 0.1061501 0.1039748 0.1038902 0.1039748 0.1012277 0.0994323 0.0976504 0.1011215 0.1023958 0.1023958 0.1075530 0.1018345 0.1011215 0.1035450 0.1022168 0.1006624 0.1101491 0.1068671 0.1083948 0.1007729 0.1048830 0.1027852 0.1058879 0.1085829 0.0998079 0.1024105 0.1087579 0.1027598 0.1002555 0.1026106 0.1078650 0.1070980 0.1066335 0.1078650 0.1104230 0.1040412 0.1091454 0.1035269 0.1047922 0.1040412 0.1052349 0.1037802 0.1000112 0.1015405 0.1113908 0.1079077 0.1074434 0.1088415 0.0991293 0.1083948 0.1001097 0.1068416 0.1025460 0.1013157 0.1071957 0.1007246 0.1016200 0.1058879 0.1091817 0.1077925 0.1039851 0.1055594 0.1048314 0.1048118 0.1326563 0.1368521 0.1364498 0.1306533 0.1350922 0.1036863 0.1012194 0.1041354 0.1011215 0.1031090 0.1002966 0.1089576 0.1048994 0.0970971 0.1044058 0.0998537 0.1046262 0.1046262 0.1046262 0.1046262 0.1108749 0.1108749 0.1025807 0.1023311 0.1030102 0.0999164 0.1053964 0.1014671 0.1058738 0.1076281 0.1011215 0.0989938 0.1011215 0.1062339 0.1049405 0.1011215 0.0981254 0.1002966 0.1040691 0.1054149 0.1054149 0.1086457 0.1185595 0.0000010 0.1086662 0.1109682 0.1084485 0.1026229 0.1049316 0.1076980 0.1054149 0.1096990 0.1113200 0.1096990 0.1067107 0.1054149 0.1096990 0.1059824 0.1036094 0.1007978 0.1024773 0.1011853 0.1011853 0.1054149 0.1077855 0.1054149 0.1130267 0.1076856 0.1185595 0.1185595 0.1069916 0.1011215 0.0994404 0.1091469 0.1120627 0.1084492 0.1060076 0.0906609 0.1119257 
GU358653      0.0571160 0.0204591 0.0550757 0.0000000 0.0713147 0.0162651 0.0155476 0.0540653 0.0571160 0.0014879 0.0171034 0.0083440 0.0114843 0.0760919 0.0530991 0.0497635 0.0507353 0.0524932 0.1122839 0.1118451 0.1080828 0.1223656 0.1071076 0.1154232 0.1175565 0.1131140 0.1105529 0.1131140 0.1078312 0.1086118 0.1056071 0.1101556 0.1114623 0.1114623 0.1167600 0.1109355 0.1101556 0.1126293 0.1113290 0.1122839 0.1143841 0.1135737 0.1151262 0.1105069 0.1132310 0.1098236 0.1099318 0.1153899 0.1087903 0.1114771 0.1154940 0.1093774 0.1114648 0.1116971 0.1120926 0.1137879 0.1080706 0.1120926 0.1146698 0.1106805 0.1158710 0.1126097 0.1101378 0.1106805 0.1118890 0.1104281 0.1090288 0.1103313 0.1156334 0.1146171 0.1141343 0.1130656 0.1082117 0.1151262 0.1096789 0.1135244 0.1117623 0.1053361 0.1112488 0.1047232 0.1112644 0.1099318 0.1134207 0.1145316 0.1143976 0.1145084 0.1114833 0.1139267 0.1312275 0.1379643 0.1421912 0.1392693 0.1408330 0.1127861 0.1076559 0.1080016 0.1101556 0.1112891 0.1093072 0.1156615 0.1080640 0.1085949 0.1075670 0.1088554 0.1111008 0.1111008 0.1111008 0.1111008 0.1201544 0.1201544 0.1116666 0.1113903 0.1121337 0.1089252 0.1145422 0.1104995 0.1150507 0.1143097 0.1101556 0.1101510 0.1101556 0.1154182 0.1140600 0.1101556 0.1075175 0.1093072 0.1107101 0.1119069 0.1119069 0.1152667 0.1258280 0.0000010 0.1152620 0.1180984 0.1151457 0.1090944 0.1141329 0.1143101 0.1119069 0.1163105 0.1179800 0.1163105 0.1132215 0.1119069 0.1163105 0.1091642 0.1076372 0.1098038 0.1089322 0.1102266 0.1102266 0.1119069 0.1142989 0.1119069 0.1169229 0.1108894 0.1258280 0.1258280 0.1163283 0.1101556 0.1084054 0.1168535 0.1238402 0.1101967 0.1077653 0.0971166 0.1174320 
HQ317918      0.0181032 0.0793886 0.0164475 0.0713147 0.0000000 0.0814922 0.0786996 0.0172739 0.0181032 0.0713147 0.0806519 0.0725170 0.0791453 0.1073036 0.0841930 0.0799309 0.0810803 0.0815313 0.1195061 0.1218225 0.1206889 0.1331427 0.1115711 0.1235329 0.1260206 0.1206163 0.1205125 0.1206163 0.1150593 0.1181572 0.1164419 0.1174822 0.1188536 0.1188536 0.1218195 0.1183413 0.1174822 0.1200691 0.1187551 0.1195061 0.1271141 0.1236977 0.1253386 0.1171401 0.1214828 0.1220393 0.1226060 0.1257313 0.1160329 0.1188689 0.1257254 0.1192249 0.1165193 0.1191122 0.1247065 0.1238963 0.1233928 0.1247065 0.1274481 0.1206032 0.1261004 0.1200477 0.1214530 0.1206032 0.1218739 0.1203588 0.1163096 0.1179022 0.1284383 0.1247795 0.1242537 0.1257080 0.1179275 0.1253386 0.1190862 0.1236052 0.1189607 0.1195087 0.1240157 0.1170053 0.1208010 0.1226060 0.1261241 0.1247435 0.1205083 0.1222755 0.1214542 0.1214304 0.1457138 0.1495498 0.1500963 0.1470320 0.1486771 0.1202438 0.1176008 0.1207184 0.1174822 0.1196767 0.1165880 0.1258477 0.1265738 0.1158307 0.1260670 0.1161179 0.1212333 0.1212333 0.1212333 0.1212333 0.1279841 0.1279841 0.1190803 0.1187734 0.1195932 0.1161957 0.1220899 0.1178326 0.1226389 0.1244160 0.1174822 0.1151629 0.1174822 0.1230231 0.1215724 0.1174822 0.1156545 0.1165880 0.1206365 0.1220934 0.1220934 0.1257940 0.1390298 0.0000010 0.1287162 0.1311499 0.1253069 0.1191497 0.1217181 0.1270280 0.1220934 0.1268592 0.1286764 0.1268592 0.1234872 0.1220934 0.1268592 0.1277823 0.1201478 0.1170963 0.1189526 0.1175613 0.1175613 0.1220934 0.1246087 0.1220934 0.1276018 0.1296384 0.1390298 0.1390298 0.1263561 0.1174822 0.1156241 0.1259375 0.1287846 0.1264895 0.1238767 0.1065200 0.1323775 
JQ970480      0.0669910 0.0254386 0.0648592 0.0162651 0.0814922 0.0000000 0.0075769 0.0638041 0.0669910 0.0162651 0.0083581 0.0187428 0.0220751 0.0825203 0.0586414 0.0559578 0.0569644 0.0607243 0.1190026 0.1164286 0.1151182 0.1324877 0.1115984 0.1201304 0.1223213 0.1202680 0.1176443 0.1202680 0.1148364 0.1169253 0.1175523 0.1172061 0.1185467 0.1185467 0.1214438 0.1187657 0.1172061 0.1197350 0.1184488 0.1190026 0.1215296 0.1207354 0.1223264 0.1176367 0.1203565 0.1168575 0.1169828 0.1226748 0.1157897 0.1185617 0.1227020 0.1164083 0.1185877 0.1187990 0.1191991 0.1209353 0.1150674 0.1191991 0.1218386 0.1177450 0.1230718 0.1197142 0.1172053 0.1177450 0.1189792 0.1175015 0.1160594 0.1174351 0.1228063 0.1217901 0.1212845 0.1201773 0.1151676 0.1223264 0.1166930 0.1206575 0.1188409 0.1122804 0.1183350 0.1116210 0.1183463 0.1169828 0.1205620 0.1242985 0.1215579 0.1217433 0.1185693 0.1210652 0.1390459 0.1457999 0.1446164 0.1416629 0.1432451 0.1199053 0.1146464 0.1149922 0.1172061 0.1183970 0.1163320 0.1228360 0.1138345 0.1168453 0.1133346 0.1158721 0.1181670 0.1181670 0.1181670 0.1181670 0.1274642 0.1274642 0.1187678 0.1184684 0.1192681 0.1159481 0.1217089 0.1175491 0.1222445 0.1214488 0.1172061 0.1172398 0.1172061 0.1226198 0.1212038 0.1172061 0.1144968 0.1163320 0.1177767 0.1189980 0.1189980 0.1199728 0.1280964 0.0000010 0.1199828 0.1202815 0.1248525 0.1161383 0.1213428 0.1162509 0.1189980 0.1210173 0.1227358 0.1210173 0.1203462 0.1189980 0.1210173 0.1149626 0.1146264 0.1168295 0.1159550 0.1172833 0.1172833 0.1189980 0.1189194 0.1189980 0.1213949 0.1167213 0.1280964 0.1280964 0.1231588 0.1172061 0.1153900 0.1214801 0.1231011 0.1147878 0.1123188 0.1027459 0.1235353 
JX088694      0.0663662 0.0230486 0.0642292 0.0155476 0.0786996 0.0075769 0.0000000 0.0631715 0.0663662 0.0155476 0.0045323 0.0180282 0.0213655 0.0865150 0.0620705 0.0553130 0.0563218 0.0600938 0.1196340 0.1166767 0.1126864 0.1320760 0.1118279 0.1203962 0.1225970 0.1178086 0.1151996 0.1178086 0.1150789 0.1171743 0.1170823 0.1174571 0.1188029 0.1188029 0.1217122 0.1159752 0.1174571 0.1199955 0.1187060 0.1196340 0.1217969 0.1210010 0.1225983 0.1178918 0.1206195 0.1171069 0.1172332 0.1229510 0.1160346 0.1188179 0.1229753 0.1166563 0.1188454 0.1190565 0.1194580 0.1212010 0.1153101 0.1194580 0.1221078 0.1179980 0.1233460 0.1199746 0.1174569 0.1179980 0.1192369 0.1177541 0.1163063 0.1176887 0.1230786 0.1220593 0.1215514 0.1204393 0.1154092 0.1225983 0.1169412 0.1209218 0.1190977 0.1125134 0.1185907 0.1118505 0.1186018 0.1172332 0.1208262 0.1245790 0.1218260 0.1220147 0.1188256 0.1213309 0.1357718 0.1454524 0.1442643 0.1412965 0.1428861 0.1201668 0.1148878 0.1152346 0.1174571 0.1186536 0.1165795 0.1231084 0.1159067 0.1155717 0.1154041 0.1161180 0.1184214 0.1184214 0.1184214 0.1184214 0.1277564 0.1277564 0.1190252 0.1187242 0.1195283 0.1161944 0.1219776 0.1178010 0.1225159 0.1217157 0.1174571 0.1174923 0.1174571 0.1228926 0.1214702 0.1174571 0.1147373 0.1165795 0.1180299 0.1165573 0.1165573 0.1202381 0.1283955 0.0000010 0.1202489 0.1205477 0.1251328 0.1163859 0.1216121 0.1164986 0.1165573 0.1212857 0.1230122 0.1212857 0.1178975 0.1165573 0.1212857 0.1170497 0.1148677 0.1170784 0.1162013 0.1175347 0.1175347 0.1165573 0.1191767 0.1165573 0.1244047 0.1188278 0.1283955 0.1283955 0.1238031 0.1174571 0.1156333 0.1217452 0.1233738 0.1150315 0.1125536 0.1029481 0.1222015 
KJ466147      0.0022426 0.0650759 0.0007441 0.0540653 0.0172739 0.0638041 0.0631715 0.0000000 0.0022426 0.0540653 0.0650028 0.0571878 0.0612323 0.0865282 0.0636074 0.0619359 0.0629853 0.0635183 0.1019408 0.1064969 0.1053371 0.1140804 0.0992901 0.1052801 0.1074787 0.1052781 0.1051921 0.1052781 0.1025132 0.1007036 0.0989149 0.1024054 0.1036863 0.1036863 0.1088718 0.1031289 0.1024054 0.1048399 0.1035135 0.1019408 0.1114738 0.1081833 0.1097189 0.1020579 0.1061829 0.1040771 0.1071957 0.1099221 0.1010824 0.1037010 0.1100835 0.1040509 0.1015330 0.1039043 0.1091817 0.1084112 0.1079447 0.1091817 0.1117521 0.1053390 0.1104697 0.1048216 0.1060963 0.1053390 0.1065378 0.1050790 0.1012909 0.1028247 0.1127209 0.1092264 0.1087575 0.1101595 0.1003935 0.1097189 0.1013851 0.1081533 0.1038335 0.1026024 0.1085105 0.1020026 0.1029076 0.1071957 0.1105053 0.1091166 0.1052794 0.1068678 0.1061330 0.1061131 0.1312172 0.1353768 0.1349970 0.1292280 0.1336448 0.1049837 0.1025048 0.1054347 0.1024054 0.1044074 0.1015760 0.1102773 0.1065777 0.0983575 0.1060828 0.1011309 0.1059266 0.1059266 0.1059266 0.1059266 0.1122099 0.1122099 0.1038742 0.1036205 0.1043098 0.1011947 0.1067031 0.1027514 0.1071858 0.1089410 0.1024054 0.1002648 0.1024054 0.1075476 0.1062426 0.1024054 0.0993961 0.1015760 0.1053673 0.1067207 0.1067207 0.1099846 0.1199488 0.0000010 0.1100055 0.1123150 0.1097659 0.1039182 0.1062453 0.1090158 0.1067207 0.1110385 0.1126729 0.1110385 0.1080232 0.1067207 0.1110385 0.1076686 0.1049053 0.1020772 0.1037691 0.1024702 0.1024702 0.1067207 0.1091009 0.1067207 0.1117023 0.1093815 0.1199488 0.1199488 0.1083019 0.1024054 0.1007118 0.1104592 0.1133955 0.1097801 0.1073275 0.0919118 0.1132888 
KU946961      0.0000010 0.0661394 0.0014916 0.0571160 0.0181032 0.0669910 0.0663662 0.0022426 0.0000000 0.0571160 0.0682171 0.0602897 0.0643904 0.0877228 0.0646705 0.0629853 0.0640400 0.0645684 0.1032164 0.1051948 0.1066383 0.1154384 0.1005496 0.1065868 0.1088042 0.1065783 0.1064909 0.1065783 0.1037957 0.1019721 0.1001768 0.1036863 0.1049738 0.1049738 0.1101872 0.1044205 0.1036863 0.1061317 0.1048072 0.1032164 0.1127945 0.1094960 0.1110392 0.1033399 0.1074796 0.1053659 0.1085003 0.1112577 0.1023542 0.1049886 0.1114055 0.1053390 0.1028076 0.1051949 0.1078650 0.1097210 0.1092524 0.1078650 0.1104230 0.1066335 0.1117902 0.1061131 0.1073972 0.1066335 0.1078374 0.1063748 0.1025678 0.1041059 0.1140470 0.1105416 0.1100681 0.1114738 0.1016549 0.1110392 0.1026576 0.1094614 0.1051179 0.1038863 0.1098219 0.1032778 0.1041922 0.1085003 0.1091817 0.1104373 0.1039851 0.1081730 0.1074314 0.1074112 0.1355687 0.1398390 0.1393898 0.1335377 0.1380212 0.1062778 0.1037872 0.1067308 0.1036863 0.1057028 0.1028525 0.1115933 0.1082540 0.0996155 0.1077580 0.1024054 0.1072237 0.1072237 0.1072237 0.1072237 0.1135409 0.1135409 0.1051648 0.1049068 0.1056063 0.1024702 0.1080065 0.1040327 0.1084944 0.1102501 0.1036863 0.1015330 0.1036863 0.1088579 0.1075414 0.1036863 0.1006642 0.1028525 0.1040691 0.1080232 0.1080232 0.1113200 0.1213334 0.0000010 0.1113413 0.1136581 0.1110796 0.1052106 0.1075558 0.1103300 0.1080232 0.1123742 0.1140220 0.1123742 0.1093321 0.1080232 0.1123742 0.1093528 0.1061981 0.1033537 0.1050578 0.1037523 0.1037523 0.1080232 0.1104126 0.1080232 0.1157063 0.1110752 0.1213334 0.1213334 0.1096087 0.1036863 0.1019805 0.1117676 0.1147243 0.1111074 0.1086440 0.0931610 0.1146481 
KX148264      0.0571160 0.0204591 0.0550757 0.0014879 0.0713147 0.0162651 0.0155476 0.0540653 0.0571160 0.0000000 0.0171034 0.0083440 0.0114843 0.0739600 0.0511886 0.0478869 0.0488505 0.0506012 0.1147497 0.1143097 0.1105336 0.1223656 0.1095301 0.1154232 0.1175565 0.1156005 0.1130205 0.1156005 0.1102719 0.1110369 0.1080369 0.1126097 0.1139267 0.1139267 0.1192693 0.1134088 0.1126097 0.1150998 0.1138058 0.1147497 0.1168666 0.1160625 0.1176266 0.1129879 0.1157078 0.1098236 0.1123860 0.1179192 0.1112282 0.1139415 0.1179967 0.1118256 0.1139426 0.1141673 0.1145641 0.1162713 0.1105084 0.1145641 0.1171599 0.1131389 0.1183707 0.1150798 0.1125975 0.1131389 0.1143551 0.1128897 0.1114771 0.1128037 0.1181239 0.1171086 0.1166184 0.1155378 0.1082117 0.1176266 0.1096789 0.1160037 0.1142246 0.1077582 0.1137139 0.1071298 0.1112644 0.1123860 0.1159028 0.1170349 0.1168851 0.1170213 0.1139482 0.1164071 0.1312275 0.1379643 0.1421912 0.1392693 0.1408330 0.1152611 0.1100918 0.1104373 0.1126097 0.1137619 0.1117534 0.1181525 0.1112415 0.1085949 0.1107436 0.1112991 0.1135592 0.1135592 0.1135592 0.1135592 0.1226867 0.1226867 0.1141365 0.1138526 0.1146146 0.1113710 0.1170317 0.1129530 0.1175490 0.1167900 0.1126097 0.1126184 0.1126097 0.1179188 0.1165420 0.1126097 0.1075175 0.1117534 0.1131693 0.1143733 0.1143733 0.1177906 0.1284332 0.0000010 0.1177937 0.1206384 0.1176337 0.1115472 0.1166375 0.1167977 0.1143733 0.1188330 0.1205254 0.1188330 0.1156981 0.1143733 0.1188330 0.1123550 0.1100726 0.1122497 0.1113779 0.1126827 0.1126827 0.1143733 0.1167790 0.1143733 0.1194227 0.1140956 0.1284332 0.1284332 0.1188268 0.1126097 0.1108385 0.1193323 0.1263818 0.1126680 0.1102204 0.0995087 0.1199972 
KY451767      0.0682171 0.0246436 0.0660669 0.0171034 0.0806519 0.0083581 0.0045323 0.0650028 0.0682171 0.0171034 0.0000000 0.0195982 0.0229522 0.0885103 0.0638852 0.0570808 0.0580955 0.0618799 0.1209396 0.1179707 0.1139681 0.1315291 0.1130964 0.1217253 0.1239420 0.1191127 0.1164919 0.1191127 0.1163679 0.1184660 0.1165888 0.1187548 0.1201070 0.1201070 0.1230340 0.1196087 0.1187548 0.1213037 0.1200167 0.1209396 0.1231125 0.1223197 0.1239242 0.1192045 0.1219313 0.1184015 0.1185312 0.1242929 0.1173225 0.1201220 0.1243027 0.1179500 0.1201566 0.1203640 0.1207662 0.1225173 0.1165974 0.1207662 0.1234278 0.1192982 0.1246723 0.1212825 0.1187580 0.1192982 0.1205419 0.1190561 0.1176001 0.1189963 0.1243995 0.1233803 0.1228681 0.1217485 0.1166888 0.1239242 0.1182319 0.1222349 0.1204006 0.1137907 0.1198953 0.1131191 0.1199056 0.1185312 0.1221410 0.1259174 0.1231444 0.1233473 0.1201301 0.1226453 0.1344210 0.1439519 0.1427853 0.1398599 0.1414259 0.1214776 0.1161740 0.1165207 0.1187548 0.1199620 0.1178721 0.1244296 0.1192186 0.1171236 0.1187157 0.1174092 0.1197222 0.1197222 0.1197222 0.1197222 0.1291031 0.1291031 0.1203325 0.1200271 0.1208418 0.1174868 0.1232973 0.1190983 0.1238406 0.1230301 0.1187548 0.1187970 0.1187548 0.1242188 0.1227857 0.1187548 0.1160214 0.1178721 0.1193305 0.1178496 0.1178496 0.1215666 0.1297652 0.0000010 0.1211583 0.1218765 0.1264625 0.1176824 0.1229401 0.1177938 0.1178496 0.1226140 0.1243543 0.1226140 0.1191962 0.1178496 0.1226140 0.1203777 0.1161536 0.1183714 0.1174937 0.1188336 0.1188336 0.1178496 0.1204807 0.1178496 0.1257314 0.1221741 0.1297652 0.1297652 0.1251292 0.1187548 0.1169185 0.1230503 0.1274572 0.1163282 0.1138399 0.1041994 0.1238529 
MG201919      0.0602897 0.0230109 0.0582150 0.0083440 0.0725170 0.0187428 0.0180282 0.0571878 0.0602897 0.0083440 0.0195982 0.0000000 0.0060345 0.0794798 0.0560919 0.0526975 0.0536839 0.0554559 0.1214616 0.1210155 0.1146873 0.1320326 0.1161060 0.1196917 0.1218785 0.1198331 0.1172118 0.1198331 0.1169004 0.1176250 0.1146250 0.1192821 0.1206317 0.1206317 0.1261160 0.1201371 0.1192821 0.1218254 0.1205444 0.1214616 0.1236298 0.1201077 0.1244421 0.1170144 0.1224519 0.1189288 0.1190595 0.1248155 0.1178510 0.1206467 0.1248196 0.1157957 0.1179653 0.1208890 0.1185777 0.1230373 0.1144586 0.1185777 0.1212092 0.1171284 0.1224384 0.1218042 0.1192867 0.1171284 0.1210653 0.1168842 0.1181301 0.1168153 0.1249134 0.1238985 0.1233868 0.1222688 0.1172163 0.1244421 0.1187583 0.1227547 0.1209237 0.1143274 0.1204211 0.1136543 0.1204310 0.1190595 0.1199363 0.1264317 0.1236627 0.1211081 0.1206548 0.1231641 0.1328534 0.1423553 0.1409570 0.1380423 0.1396013 0.1219995 0.1167060 0.1143841 0.1192821 0.1204890 0.1157200 0.1249435 0.1180222 0.1176527 0.1210459 0.1179389 0.1202470 0.1202470 0.1202470 0.1202470 0.1296063 0.1296063 0.1181471 0.1205517 0.1213675 0.1180167 0.1238154 0.1196242 0.1243584 0.1235472 0.1192821 0.1166215 0.1192821 0.1247356 0.1233043 0.1192821 0.1165531 0.1157200 0.1171599 0.1183781 0.1183781 0.1218971 0.1329167 0.0000010 0.1221120 0.1249816 0.1269711 0.1182132 0.1234630 0.1197827 0.1183781 0.1229387 0.1246726 0.1229387 0.1197222 0.1183781 0.1229387 0.1227102 0.1166857 0.1188982 0.1180236 0.1193610 0.1193610 0.1183781 0.1208109 0.1183781 0.1234923 0.1245092 0.1329167 0.1329167 0.1282085 0.1192821 0.1174474 0.1223154 0.1307466 0.1143560 0.1143802 0.1023159 0.1243816 
MG201921      0.0643904 0.0264360 0.0622781 0.0114843 0.0791453 0.0220751 0.0213655 0.0612323 0.0643904 0.0114843 0.0229522 0.0060345 0.0000000 0.0817303 0.0580890 0.0546570 0.0556527 0.0574332 0.1195925 0.1191491 0.1155279 0.1304085 0.1142848 0.1164708 0.1186220 0.1206781 0.1180542 0.1206781 0.1177395 0.1184576 0.1128037 0.1201221 0.1214733 0.1214733 0.1269651 0.1209826 0.1201221 0.1226673 0.1213904 0.1195925 0.1217426 0.1195984 0.1225388 0.1169074 0.1205722 0.1170798 0.1199002 0.1228888 0.1186874 0.1214882 0.1229136 0.1139719 0.1161130 0.1217322 0.1167285 0.1238821 0.1126466 0.1167285 0.1193386 0.1152931 0.1205569 0.1226459 0.1201289 0.1152931 0.1191976 0.1177233 0.1189699 0.1149704 0.1230166 0.1220033 0.1229018 0.1231104 0.1153918 0.1225388 0.1169151 0.1208726 0.1190593 0.1151641 0.1212634 0.1144866 0.1185662 0.1199002 0.1180753 0.1245073 0.1245075 0.1192202 0.1214965 0.1240074 0.1299508 0.1393321 0.1379595 0.1350737 0.1366153 0.1228427 0.1175437 0.1152179 0.1201221 0.1213335 0.1165554 0.1257876 0.1191128 0.1158162 0.1221431 0.1187774 0.1210872 0.1210872 0.1210872 0.1210872 0.1304580 0.1304580 0.1189871 0.1213926 0.1222137 0.1188558 0.1246609 0.1204633 0.1252060 0.1243897 0.1201221 0.1174629 0.1201221 0.1255834 0.1255712 0.1201221 0.1173897 0.1165554 0.1179976 0.1192163 0.1192163 0.1227500 0.1309216 0.0000010 0.1202029 0.1230579 0.1278169 0.1190546 0.1243144 0.1179977 0.1192163 0.1237894 0.1255288 0.1237894 0.1205620 0.1192163 0.1237894 0.1238091 0.1175232 0.1197359 0.1188626 0.1202017 0.1202017 0.1192163 0.1216503 0.1192163 0.1243345 0.1274809 0.1309216 0.1309216 0.1262840 0.1201221 0.1182829 0.1218847 0.1315947 0.1125275 0.1125514 0.1031537 0.1198570 
FJ712195      0.0877228 0.0870244 0.0853323 0.0760919 0.1073036 0.0825203 0.0865150 0.0865282 0.0877228 0.0739600 0.0885103 0.0794798 0.0817303 0.0000000 0.0244774 0.0413721 0.0423277 0.0459759 0.1298314 0.1270809 0.1286223 0.1408370 0.1211740 0.1252831 0.1304817 0.1314456 0.1286455 0.1314456 0.1256157 0.1207085 0.1211360 0.1281255 0.1266865 0.1266865 0.1354037 0.1290836 0.1281255 0.1308155 0.1295166 0.1298314 0.1354179 0.1313389 0.1316729 0.1274685 0.1300293 0.1275275 0.1279007 0.1321473 0.1265831 0.1295747 0.1340315 0.1299294 0.1294432 0.1298473 0.1327225 0.1321219 0.1256270 0.1327225 0.1355521 0.1284837 0.1314805 0.1307920 0.1281564 0.1284837 0.1271363 0.1284668 0.1269142 0.1282296 0.1367842 0.1330385 0.1324833 0.1339613 0.1256636 0.1316729 0.1273248 0.1289124 0.1298487 0.1228893 0.1293482 0.1221359 0.1291336 0.1279007 0.1341887 0.1354027 0.1327771 0.1328668 0.1295850 0.1322368 0.1679572 0.1758237 0.1776842 0.1710716 0.1761660 0.1281255 0.1253962 0.1255401 0.1281255 0.1294417 0.1298384 0.1353553 0.1222470 0.1261671 0.1219996 0.1266991 0.1291404 0.1291404 0.1291404 0.1291404 0.1370998 0.1370998 0.1298139 0.1294682 0.1303837 0.1267873 0.1329443 0.1284734 0.1315800 0.1353220 0.1281255 0.1280050 0.1281255 0.1339363 0.1323898 0.1281255 0.1278653 0.1298384 0.1311847 0.1298124 0.1298124 0.1310276 0.1448048 0.0000010 0.1288186 0.1363851 0.1362624 0.1270193 0.1292753 0.1324652 0.1298124 0.1348019 0.1367129 0.1348019 0.1312506 0.1298124 0.1348019 0.1236882 0.1280199 0.1276970 0.1267942 0.1282151 0.1282151 0.1298124 0.1323919 0.1298124 0.1382038 0.1255140 0.1448048 0.1448048 0.1369840 0.1281255 0.1261505 0.1323561 0.1419535 0.1277675 0.1264617 0.1163352 0.1386487 
FJ712196      0.0646705 0.0668733 0.0625445 0.0530991 0.0841930 0.0586414 0.0620705 0.0636074 0.0646705 0.0511886 0.0638852 0.0560919 0.0580890 0.0244774 0.0000000 0.0198860 0.0207303 0.0240476 0.1183005 0.1182293 0.1196419 0.1284642 0.1126037 0.1172871 0.1194628 0.1223280 0.1196630 0.1223280 0.1168051 0.1121730 0.1100758 0.1192088 0.1205710 0.1205710 0.1261074 0.1200715 0.1192088 0.1217760 0.1204826 0.1183005 0.1261712 0.1222279 0.1225668 0.1185054 0.1224083 0.1161433 0.1189841 0.1229207 0.1177648 0.1205862 0.1223947 0.1182085 0.1204281 0.1208307 0.1235975 0.1229993 0.1168486 0.1235975 0.1262914 0.1195637 0.1223947 0.1217545 0.1192133 0.1195637 0.1210087 0.1195134 0.1180462 0.1192620 0.1274752 0.1238686 0.1233521 0.1247869 0.1144470 0.1225668 0.1159794 0.1227140 0.1208658 0.1142087 0.1203584 0.1135302 0.1176401 0.1189841 0.1249901 0.1264262 0.1236306 0.1236367 0.1231512 0.1231273 0.1468364 0.1558065 0.1556893 0.1495811 0.1542726 0.1219517 0.1166091 0.1167714 0.1192088 0.1204267 0.1181300 0.1261162 0.1199927 0.1148705 0.1197418 0.1178533 0.1201828 0.1201828 0.1201828 0.1201828 0.1277461 0.1277461 0.1207989 0.1204903 0.1213134 0.1179317 0.1237848 0.1195542 0.1224841 0.1260856 0.1192088 0.1190614 0.1192088 0.1223123 0.1232689 0.1192088 0.1164549 0.1181300 0.1221415 0.1208329 0.1208329 0.1244445 0.1331764 0.0000010 0.1179076 0.1277918 0.1269708 0.1181299 0.1234287 0.1168772 0.1208329 0.1254939 0.1272686 0.1254939 0.1221999 0.1208329 0.1254939 0.1213998 0.1191153 0.1188216 0.1179387 0.1192885 0.1192885 0.1208329 0.1233023 0.1208329 0.1288260 0.1231915 0.1331764 0.1331764 0.1276435 0.1192088 0.1173576 0.1182834 0.1272016 0.1170016 0.1157512 0.1070054 0.1272164 
GU647092      0.0629853 0.0612547 0.0608868 0.0497635 0.0799309 0.0559578 0.0553130 0.0619359 0.0629853 0.0478869 0.0570808 0.0526975 0.0546570 0.0413721 0.0198860 0.0000000 0.0007440 0.0115103 0.1208840 0.1206300 0.1218656 0.1318906 0.1155184 0.1195231 0.1189426 0.1219906 0.1193393 0.1219906 0.1164966 0.1143627 0.1093232 0.1188889 0.1202441 0.1202441 0.1257507 0.1197454 0.1188889 0.1214432 0.1201543 0.1208840 0.1232554 0.1218910 0.1222290 0.1181861 0.1220721 0.1162557 0.1186649 0.1225774 0.1174529 0.1202591 0.1244485 0.1178941 0.1201006 0.1205018 0.1207105 0.1226595 0.1165410 0.1207105 0.1233718 0.1192424 0.1220582 0.1214219 0.1188924 0.1192424 0.1206798 0.1191912 0.1177317 0.1189401 0.1245447 0.1235241 0.1230108 0.1218887 0.1145675 0.1222290 0.1160925 0.1223762 0.1205380 0.1112529 0.1200321 0.1132390 0.1177450 0.1186649 0.1220852 0.1260665 0.1232877 0.1232908 0.1202672 0.1227874 0.1423953 0.1539590 0.1538565 0.1478057 0.1524518 0.1216175 0.1163020 0.1164643 0.1188889 0.1200993 0.1178161 0.1232026 0.1221217 0.1149893 0.1218757 0.1175402 0.1198582 0.1198582 0.1198582 0.1198582 0.1273815 0.1273815 0.1204703 0.1201639 0.1209811 0.1176180 0.1234409 0.1192330 0.1221469 0.1231727 0.1188889 0.1187409 0.1188889 0.1243644 0.1229282 0.1188889 0.1165658 0.1178161 0.1192747 0.1205053 0.1205053 0.1240936 0.1301278 0.0000010 0.1175899 0.1248242 0.1266112 0.1178144 0.1230841 0.1179259 0.1205053 0.1251387 0.1269023 0.1251387 0.1218652 0.1205053 0.1251387 0.1235511 0.1187960 0.1185043 0.1201497 0.1189679 0.1189679 0.1205053 0.1229625 0.1205053 0.1284568 0.1253623 0.1301278 0.1301278 0.1276455 0.1188889 0.1170479 0.1204752 0.1276072 0.1092030 0.1079837 0.1017536 0.1242211 
JQ946087      0.0640400 0.0622896 0.0619309 0.0507353 0.0810803 0.0569644 0.0563218 0.0629853 0.0640400 0.0488505 0.0580955 0.0536839 0.0556527 0.0423277 0.0207303 0.0007440 0.0000000 0.0123070 0.1222443 0.1219917 0.1232393 0.1333253 0.1168513 0.1208969 0.1203186 0.1233660 0.1207027 0.1233660 0.1178431 0.1156919 0.1106349 0.1202441 0.1216058 0.1216058 0.1271410 0.1211120 0.1202441 0.1228090 0.1215230 0.1222443 0.1246286 0.1232660 0.1236023 0.1195502 0.1234415 0.1175943 0.1200205 0.1239671 0.1187979 0.1216209 0.1258338 0.1192424 0.1214668 0.1218670 0.1220734 0.1240336 0.1178828 0.1220734 0.1247466 0.1205973 0.1234290 0.1227874 0.1202513 0.1205973 0.1220424 0.1205509 0.1190830 0.1203027 0.1259231 0.1249029 0.1243853 0.1232554 0.1158907 0.1236023 0.1174271 0.1237469 0.1218983 0.1125742 0.1213945 0.1145644 0.1190929 0.1200205 0.1234548 0.1274632 0.1246638 0.1246789 0.1216293 0.1241595 0.1438591 0.1554921 0.1553778 0.1493008 0.1539681 0.1229860 0.1176456 0.1178049 0.1202441 0.1214655 0.1191633 0.1245748 0.1239003 0.1163207 0.1236594 0.1188889 0.1212166 0.1212166 0.1212166 0.1212166 0.1287756 0.1287756 0.1218353 0.1215244 0.1223527 0.1189679 0.1248184 0.1205877 0.1235190 0.1245447 0.1202441 0.1201006 0.1202441 0.1257484 0.1243014 0.1202441 0.1179069 0.1191633 0.1206300 0.1218652 0.1218652 0.1254884 0.1315536 0.0000010 0.1189577 0.1262195 0.1279986 0.1191686 0.1216927 0.1192786 0.1218652 0.1265328 0.1283107 0.1265328 0.1232316 0.1218652 0.1265328 0.1253439 0.1201497 0.1198546 0.1187846 0.1203243 0.1203243 0.1218652 0.1243314 0.1218652 0.1298513 0.1271655 0.1315536 0.1315536 0.1290367 0.1202441 0.1183902 0.1218245 0.1289959 0.1105224 0.1092978 0.1030493 0.1256301 
KF726852      0.0645684 0.0641106 0.0624683 0.0524932 0.0815313 0.0607243 0.0600938 0.0635183 0.0645684 0.0506012 0.0618799 0.0554559 0.0574332 0.0459759 0.0240476 0.0115103 0.0123070 0.0000000 0.1219548 0.1217038 0.1229392 0.1327329 0.1166088 0.1235717 0.1257955 0.1230646 0.1204245 0.1230646 0.1175904 0.1154591 0.1126587 0.1199711 0.1213209 0.1213209 0.1268069 0.1208300 0.1199711 0.1225139 0.1212373 0.1219548 0.1243179 0.1229654 0.1232994 0.1200024 0.1231407 0.1196170 0.1197492 0.1236578 0.1185381 0.1213359 0.1255110 0.1189786 0.1218996 0.1215794 0.1217847 0.1237273 0.1176307 0.1217847 0.1244346 0.1203216 0.1231280 0.1224926 0.1199775 0.1203216 0.1217540 0.1202746 0.1188198 0.1207465 0.1256011 0.1245887 0.1240761 0.1229567 0.1179005 0.1232994 0.1194449 0.1234435 0.1216115 0.1150173 0.1211111 0.1143410 0.1211205 0.1197492 0.1231539 0.1271250 0.1243521 0.1250846 0.1213441 0.1238527 0.1429586 0.1544669 0.1543612 0.1483436 0.1529648 0.1226890 0.1173950 0.1175536 0.1199711 0.1211808 0.1189003 0.1242647 0.1217748 0.1183401 0.1215303 0.1186277 0.1209354 0.1209354 0.1209354 0.1209354 0.1284278 0.1284278 0.1215479 0.1212404 0.1220599 0.1187059 0.1245052 0.1203122 0.1232171 0.1242348 0.1199711 0.1205456 0.1199711 0.1254265 0.1239932 0.1199711 0.1199314 0.1189003 0.1203540 0.1215787 0.1215787 0.1251660 0.1354822 0.0000010 0.1228241 0.1301055 0.1276585 0.1158741 0.1241580 0.1217266 0.1215787 0.1262025 0.1279630 0.1262025 0.1229332 0.1215787 0.1262025 0.1231872 0.1198778 0.1183453 0.1212261 0.1200505 0.1200505 0.1215787 0.1240239 0.1215787 0.1294952 0.1249784 0.1354822 0.1354822 0.1286877 0.1199711 0.1181341 0.1228961 0.1314324 0.1143172 0.1130868 0.1055298 0.1295592 
AB573762      0.1032164 0.1261680 0.1006624 0.1122839 0.1195061 0.1190026 0.1196340 0.1019408 0.1032164 0.1147497 0.1209396 0.1214616 0.1195925 0.1298314 0.1183005 0.1208840 0.1222443 0.1219548 0.0000000 0.0170949 0.0139510 0.0472507 0.0106766 0.0366692 0.0402308 0.0139468 0.0123429 0.0139468 0.0139394 0.0099181 0.0350053 0.0162813 0.0170975 0.0170975 0.0203891 0.0187574 0.0162813 0.0179037 0.0171140 0.0000010 0.0187096 0.0179301 0.0155411 0.0171836 0.0179226 0.0341457 0.0180294 0.0157118 0.0155007 0.0154870 0.0179098 0.0170923 0.0187312 0.0155098 0.0187284 0.0171935 0.0179120 0.0187284 0.0203802 0.0162753 0.0195428 0.0146738 0.0155861 0.0162753 0.0187240 0.0139501 0.0162941 0.0179280 0.0195283 0.0170967 0.0179086 0.0178872 0.0325341 0.0155411 0.0323415 0.0187355 0.0170702 0.0163696 0.0172040 0.0138647 0.0332702 0.0180294 0.0195570 0.0204073 0.0195605 0.0204216 0.0203869 0.0170975 0.1640612 0.1712798 0.1670416 0.1638913 0.1684631 0.0162974 0.0155313 0.0179051 0.0146738 0.0171214 0.0170857 0.0195338 0.0137684 0.0323779 0.0117599 0.0154841 0.0155594 0.0155594 0.0155594 0.0155594 0.0187947 0.0187947 0.0147547 0.0138756 0.0155635 0.0154748 0.0170901 0.0178927 0.0155351 0.0187023 0.0146738 0.0179077 0.0146738 0.0179029 0.0179017 0.0146738 0.0306875 0.0170857 0.0178981 0.0187271 0.0187271 0.0248440 0.0417870 0.0000010 0.0345840 0.0344725 0.0195392 0.0163520 0.0181690 0.0334119 0.0187271 0.0230062 0.0238815 0.0230062 0.0195543 0.0187271 0.0230062 0.0127725 0.0155289 0.0122817 0.0147309 0.0162875 0.0162875 0.0187271 0.0203582 0.0187271 0.0253933 0.0147983 0.0417870 0.0417870 0.0075750 0.0146738 0.0114779 0.0315619 0.0363839 0.0383024 0.0365010 0.0149043 0.0366673 
AB573763      0.1051948 0.1229706 0.1051948 0.1118451 0.1218225 0.1164286 0.1166767 0.1064969 0.1051948 0.1143097 0.1179707 0.1210155 0.1191491 0.1270809 0.1182293 0.1206300 0.1219917 0.1217038 0.0170949 0.0000000 0.0172044 0.0442567 0.0154619 0.0367148 0.0402808 0.0155752 0.0139562 0.0155752 0.0155666 0.0162895 0.0333232 0.0179226 0.0187468 0.0187468 0.0204138 0.0204246 0.0179226 0.0179253 0.0187653 0.0170949 0.0091261 0.0091471 0.0076174 0.0099328 0.0083616 0.0324310 0.0196972 0.0076995 0.0171376 0.0171224 0.0083555 0.0075793 0.0091357 0.0171477 0.0075761 0.0172143 0.0083568 0.0075761 0.0091314 0.0068050 0.0099126 0.0163008 0.0172320 0.0068050 0.0091326 0.0155788 0.0179368 0.0083638 0.0099062 0.0075808 0.0083549 0.0099105 0.0308237 0.0076174 0.0306404 0.0091379 0.0106996 0.0180196 0.0188638 0.0154831 0.0315607 0.0196972 0.0083538 0.0204112 0.0212333 0.0107237 0.0203908 0.0203880 0.1579109 0.1678243 0.1579800 0.1548968 0.1593781 0.0179405 0.0171708 0.0099199 0.0163008 0.0091531 0.0091353 0.0114883 0.0097453 0.0306748 0.0179379 0.0154875 0.0172021 0.0172021 0.0172021 0.0172021 0.0123413 0.0123413 0.0163906 0.0154957 0.0172072 0.0171089 0.0091372 0.0099133 0.0091813 0.0106941 0.0163008 0.0099211 0.0163008 0.0099184 0.0099177 0.0163008 0.0272465 0.0091353 0.0083508 0.0107075 0.0107075 0.0148636 0.0407738 0.0000010 0.0353946 0.0335038 0.0212099 0.0180003 0.0198465 0.0325556 0.0107075 0.0131657 0.0139858 0.0131657 0.0114996 0.0107075 0.0131657 0.0189833 0.0171682 0.0138868 0.0179915 0.0179295 0.0179295 0.0107075 0.0107036 0.0107075 0.0171091 0.0107531 0.0407738 0.0407738 0.0204112 0.0163008 0.0130739 0.0281065 0.0337115 0.0391219 0.0373173 0.0141085 0.0374870 
EU086200      0.1066383 0.1200495 0.1040328 0.1080828 0.1206889 0.1151182 0.1126864 0.1053371 0.1066383 0.1105336 0.1139681 0.1146873 0.1155279 0.1286223 0.1196419 0.1218656 0.1232393 0.1229392 0.0139510 0.0172044 0.0000000 0.0457207 0.0107546 0.0380552 0.0416795 0.0045035 0.0029897 0.0045035 0.0124219 0.0115499 0.0352761 0.0147675 0.0155821 0.0155821 0.0188680 0.0188781 0.0147675 0.0163879 0.0155969 0.0139510 0.0171939 0.0180453 0.0156563 0.0180464 0.0164054 0.0326409 0.0165035 0.0158297 0.0139855 0.0139731 0.0163936 0.0172018 0.0188516 0.0139937 0.0188487 0.0156702 0.0163794 0.0188487 0.0205115 0.0163794 0.0180248 0.0147675 0.0140630 0.0163794 0.0172071 0.0124315 0.0147792 0.0180431 0.0180116 0.0155815 0.0163924 0.0163731 0.0310231 0.0156563 0.0308383 0.0172176 0.0171965 0.0148483 0.0156798 0.0123551 0.0317646 0.0165035 0.0196828 0.0188846 0.0180410 0.0205534 0.0188662 0.0172071 0.1629158 0.1701648 0.1659077 0.1627374 0.1673392 0.0147820 0.0140137 0.0163731 0.0131618 0.0156039 0.0171951 0.0180167 0.0169870 0.0308732 0.0128805 0.0139705 0.0140391 0.0140391 0.0140391 0.0140391 0.0189349 0.0189349 0.0132350 0.0139642 0.0140425 0.0139621 0.0155755 0.0163781 0.0156503 0.0171872 0.0131618 0.0180226 0.0131618 0.0163872 0.0163861 0.0131618 0.0274203 0.0171951 0.0180129 0.0171927 0.0171927 0.0232777 0.0421191 0.0000010 0.0348551 0.0347416 0.0180214 0.0148323 0.0166350 0.0327671 0.0171927 0.0214527 0.0223235 0.0214527 0.0180174 0.0171927 0.0214527 0.0139072 0.0140116 0.0107733 0.0132138 0.0147731 0.0147731 0.0171927 0.0188210 0.0171927 0.0238427 0.0159599 0.0421191 0.0421191 0.0188661 0.0131618 0.0099723 0.0300224 0.0348289 0.0349242 0.0349351 0.0117507 0.0387949 
EU086201      0.1154384 0.1369868 0.1127183 0.1223656 0.1331427 0.1324877 0.1320760 0.1140804 0.1154384 0.1223656 0.1315291 0.1320326 0.1304085 0.1408370 0.1284642 0.1318906 0.1333253 0.1327329 0.0472507 0.0442567 0.0457207 0.0000000 0.0396811 0.0556340 0.0596446 0.0457026 0.0437755 0.0457026 0.0399217 0.0482646 0.0279531 0.0456198 0.0465987 0.0465987 0.0497394 0.0498301 0.0456198 0.0475365 0.0461653 0.0472507 0.0480639 0.0472283 0.0464301 0.0464541 0.0452450 0.0150967 0.0467078 0.0469922 0.0447496 0.0447053 0.0471665 0.0461892 0.0481369 0.0447794 0.0481218 0.0457479 0.0471646 0.0481218 0.0500760 0.0452151 0.0471665 0.0456198 0.0448198 0.0452151 0.0442667 0.0438085 0.0456589 0.0472182 0.0490235 0.0462128 0.0452666 0.0470856 0.0135206 0.0464301 0.0134401 0.0453982 0.0442324 0.0447494 0.0457259 0.0416430 0.0142763 0.0467078 0.0491105 0.0506045 0.0475518 0.0502184 0.0485239 0.0485162 0.1676525 0.1718393 0.1675007 0.1642798 0.1689539 0.0456745 0.0437092 0.0471420 0.0437252 0.0443465 0.0461672 0.0490366 0.0475739 0.0126393 0.0457431 0.0427597 0.0437489 0.0437489 0.0437489 0.0437489 0.0502723 0.0502723 0.0447598 0.0446743 0.0449398 0.0446671 0.0461907 0.0432819 0.0464078 0.0480408 0.0437252 0.0471564 0.0437252 0.0471439 0.0452452 0.0437252 0.0151333 0.0461672 0.0471194 0.0481181 0.0481181 0.0537045 0.0609241 0.0000010 0.0550224 0.0568109 0.0494722 0.0447049 0.0481771 0.0437465 0.0481181 0.0513878 0.0524720 0.0513878 0.0491028 0.0481181 0.0513878 0.0469594 0.0455954 0.0416645 0.0465735 0.0436940 0.0436940 0.0481181 0.0480949 0.0481181 0.0519888 0.0464247 0.0609241 0.0609241 0.0512409 0.0437252 0.0406772 0.0465568 0.0484587 0.0550470 0.0530708 0.0385901 0.0584996 
EU086202      0.1005496 0.1207234 0.0980280 0.1071076 0.1115711 0.1115984 0.1118279 0.0992901 0.1005496 0.1095301 0.1130964 0.1161060 0.1142848 0.1211740 0.1126037 0.1155184 0.1168513 0.1166088 0.0106766 0.0154619 0.0107546 0.0396811 0.0000000 0.0340810 0.0376077 0.0107515 0.0091755 0.0107515 0.0060707 0.0114745 0.0297242 0.0099127 0.0107005 0.0107005 0.0138803 0.0138877 0.0099127 0.0114835 0.0107099 0.0106766 0.0154526 0.0162873 0.0139299 0.0155419 0.0146736 0.0288809 0.0131560 0.0140824 0.0099276 0.0107033 0.0146631 0.0154596 0.0170825 0.0107188 0.0170801 0.0123453 0.0162712 0.0170801 0.0187160 0.0146508 0.0162691 0.0114818 0.0107717 0.0146508 0.0154642 0.0091826 0.0107033 0.0162855 0.0162576 0.0138636 0.0146621 0.0146452 0.0272902 0.0139299 0.0271297 0.0154735 0.0138428 0.0099184 0.0123527 0.0083510 0.0280259 0.0131560 0.0179003 0.0138916 0.0130804 0.0187532 0.0138795 0.0122763 0.1495543 0.1563093 0.1523319 0.1493008 0.1537108 0.0114928 0.0099013 0.0162649 0.0099127 0.0138832 0.0154537 0.0162622 0.0158124 0.0271600 0.0097518 0.0107012 0.0107539 0.0107539 0.0107539 0.0107539 0.0171578 0.0171578 0.0099676 0.0106965 0.0107560 0.0106949 0.0138584 0.0146496 0.0139247 0.0154467 0.0099127 0.0162672 0.0099127 0.0146575 0.0146565 0.0099127 0.0255039 0.0154537 0.0162587 0.0170789 0.0170789 0.0231195 0.0362739 0.0000010 0.0309925 0.0291519 0.0146602 0.0106911 0.0132655 0.0281443 0.0170789 0.0213084 0.0221728 0.0213084 0.0178979 0.0170789 0.0213084 0.0107544 0.0098998 0.0075796 0.0091249 0.0114860 0.0114860 0.0170789 0.0186960 0.0170789 0.0220183 0.0147983 0.0362739 0.0362739 0.0138663 0.0099127 0.0068004 0.0263554 0.0310201 0.0328569 0.0310992 0.0116613 0.0330167 
