167
<<<<<<< HEAD
EF564174      0.0000000 0.0661499 0.0014915 0.0571230 0.0181021 0.0670005 0.0663735 0.0022424 0.0000010 0.0571230 0.0682260 0.0602945 0.0643973 0.0877394 0.0646771 0.0629904 0.0640449 0.0645762 0.1032484 0.1052249 0.1066650 0.1154734 0.1005792 0.1066267 0.1088335 0.1066067 0.1065214 0.1066067 0.1038234 0.1019982 0.1002001 0.1037163 0.1050037 0.1050037 0.1102263 0.1044488 0.1037163 0.1061653 0.1048369 0.1032484 0.1128301 0.1095249 0.1110694 0.1033626 0.1075109 0.1053961 0.1085364 0.1112892 0.1023829 0.1050204 0.1114393 0.1053654 0.1028277 0.1052273 0.1078930 0.1097591 0.1092782 0.1078930 0.1104527 0.1066597 0.1118247 0.1061468 0.1074339 0.1066597 0.1078656 0.1064026 0.1025960 0.1041281 0.1140846 0.1105742 0.1101036 0.1115095 0.1016807 0.1110694 0.1026851 0.1094905 0.1051499 0.1039142 0.1098580 0.1033076 0.1042212 0.1085364 0.1092096 0.1104752 0.1040177 0.1081955 0.1074652 0.1074448 0.1356146 0.1398940 0.1394282 0.1335770 0.1380571 0.1063076 0.1038152 0.1067550 0.1037163 0.1057308 0.1028773 0.1116291 0.1082742 0.0996393 0.1077829 0.1024355 0.1072555 0.1072555 0.1072555 0.1072555 0.1135752 0.1135752 0.1051908 0.1049386 0.1056368 0.1024985 0.1080374 0.1040594 0.1085228 0.1102839 0.1037163 0.1015534 0.1037163 0.1088898 0.1075751 0.1037163 0.1006884 0.1028773 0.1040957 0.1080470 0.1080470 0.1113521 0.1213799 0.0000010 0.1113748 0.1136961 0.1111194 0.1052412 0.1075881 0.1103736 0.1080470 0.1124045 0.1140539 0.1124045 0.1093556 0.1080470 0.1124045 0.1093800 0.1062298 0.1033793 0.1050857 0.1037804 0.1037804 0.1080470 0.1104421 0.1080470 0.1157352 0.1111050 0.1213799 0.1213799 0.1096467 0.1037163 0.1020063 0.1118057 0.1147606 0.1111418 0.1086764 0.0931780 0.1146891 
EU643590      0.0661499 0.0000000 0.0661499 0.0204593 0.0794075 0.0254396 0.0230483 0.0650866 0.0661499 0.0204593 0.0246438 0.0230103 0.0264351 0.0870523 0.0668888 0.0612630 0.0622978 0.0641212 0.1262308 0.1230263 0.1201016 0.1370508 0.1207778 0.1219252 0.1241308 0.1253254 0.1226638 0.1253254 0.1216071 0.1209891 0.1192923 0.1212899 0.1226475 0.1226475 0.1281795 0.1221590 0.1212899 0.1238504 0.1225704 0.1262308 0.1284264 0.1276479 0.1292737 0.1245204 0.1272347 0.1236573 0.1238061 0.1284048 0.1198440 0.1226649 0.1296600 0.1231979 0.1254611 0.1229126 0.1232994 0.1250741 0.1218261 0.1232994 0.1259715 0.1245644 0.1300238 0.1238290 0.1226766 0.1245644 0.1258236 0.1243338 0.1201315 0.1242906 0.1297292 0.1287157 0.1281931 0.1270445 0.1218843 0.1292737 0.1234691 0.1275405 0.1256785 0.1217152 0.1251899 0.1209940 0.1251888 0.1238061 0.1246794 0.1281359 0.1256977 0.1287195 0.1226713 0.1251969 0.1358413 0.1424254 0.1470637 0.1440793 0.1456768 0.1240237 0.1241447 0.1217475 0.1212899 0.1252640 0.1231180 0.1297630 0.1245310 0.1223510 0.1204706 0.1199388 0.1250008 0.1250008 0.1250008 0.1250008 0.1345152 0.1345152 0.1256268 0.1225680 0.1233978 0.1200160 0.1286308 0.1243592 0.1291882 0.1283421 0.1212899 0.1240831 0.1212899 0.1295741 0.1281088 0.1212899 0.1212436 0.1231180 0.1218591 0.1258427 0.1258427 0.1324074 0.1326025 0.0000010 0.1269748 0.1246529 0.1290302 0.1257126 0.1255150 0.1214834 0.1258427 0.1305947 0.1324074 0.1305947 0.1272207 0.1258427 0.1305947 0.1221367 0.1241231 0.1208938 0.1254952 0.1213682 0.1213682 0.1258427 0.1283295 0.1258427 0.1310773 0.1275429 0.1326025 0.1326025 0.1330869 0.1212899 0.1194332 0.1257812 0.1338034 0.1190596 0.1152873 0.1080813 0.1293176 
FJ959397      0.0014915 0.0661499 0.0000000 0.0550829 0.0164467 0.0648690 0.0642368 0.0007440 0.0014915 0.0550829 0.0660761 0.0582201 0.0622854 0.0853492 0.0625515 0.0608923 0.0619361 0.0624766 0.1006944 0.1052249 0.1040597 0.1127535 0.0980576 0.1040102 0.1061796 0.1040035 0.1039209 0.1040035 0.1012556 0.0994586 0.0976739 0.1011516 0.1024258 0.1024258 0.1075921 0.1018630 0.1011516 0.1035787 0.1022466 0.1006944 0.1101849 0.1068963 0.1084252 0.1007959 0.1049146 0.1028155 0.1059240 0.1086145 0.0998367 0.1024424 0.1087918 0.1027865 0.1002761 0.1026431 0.1078930 0.1071361 0.1066597 0.1078930 0.1104527 0.1040677 0.1091801 0.1035607 0.1048288 0.1040677 0.1052634 0.1038083 0.1000395 0.1015631 0.1114285 0.1079405 0.1074789 0.1088773 0.0991554 0.1084252 0.1001375 0.1068710 0.1025781 0.1013437 0.1072319 0.1007545 0.1016492 0.1059240 0.1092096 0.1078304 0.1040177 0.1055824 0.1048653 0.1048454 0.1327024 0.1369071 0.1364887 0.1306930 0.1351287 0.1037163 0.1012475 0.1041600 0.1011516 0.1031373 0.1003218 0.1089935 0.1049202 0.0971211 0.1044311 0.0998839 0.1046581 0.1046581 0.1046581 0.1046581 0.1109093 0.1109093 0.1026070 0.1023629 0.1030408 0.0999447 0.1054274 0.1014940 0.1059024 0.1076620 0.1011516 0.0990147 0.1011516 0.1062660 0.1049742 0.1011516 0.0981499 0.1003218 0.1040957 0.1054392 0.1054392 0.1086780 0.1186060 0.0000010 0.1086998 0.1110062 0.1084883 0.1026535 0.1049640 0.1077414 0.1054392 0.1097295 0.1113521 0.1097295 0.1067347 0.1054392 0.1097295 0.1060100 0.1036412 0.1008237 0.1025053 0.1012135 0.1012135 0.1054392 0.1078153 0.1054392 0.1130561 0.1077157 0.1186060 0.1186060 0.1070296 0.1011516 0.0994666 0.1091850 0.1120991 0.1084837 0.1060400 0.0906783 0.1119666 
GU358653      0.0571230 0.0204593 0.0550829 0.0000000 0.0713306 0.0162656 0.0155475 0.0540726 0.0571230 0.0014879 0.0171038 0.0083438 0.0114839 0.0761147 0.0531119 0.0497721 0.0507438 0.0525037 0.1123263 0.1118815 0.1081161 0.1224073 0.1071433 0.1154730 0.1175993 0.1131528 0.1105899 0.1131528 0.1078653 0.1086524 0.1056309 0.1101960 0.1115026 0.1115026 0.1168104 0.1109743 0.1101960 0.1126736 0.1113692 0.1123263 0.1144223 0.1136090 0.1151629 0.1105375 0.1132677 0.1098618 0.1099746 0.1154281 0.1088292 0.1115195 0.1155344 0.1094100 0.1114955 0.1117401 0.1121227 0.1138329 0.1081033 0.1121227 0.1147016 0.1107129 0.1159122 0.1126541 0.1101811 0.1107129 0.1119236 0.1104623 0.1090672 0.1103605 0.1156736 0.1146563 0.1141764 0.1131040 0.1082434 0.1151629 0.1097141 0.1135600 0.1118007 0.1053705 0.1112917 0.1047594 0.1113011 0.1099746 0.1134507 0.1145765 0.1144389 0.1145383 0.1115238 0.1139710 0.1312912 0.1380429 0.1422567 0.1393347 0.1408958 0.1128263 0.1076941 0.1080363 0.1101960 0.1113265 0.1093419 0.1157040 0.1080797 0.1086281 0.1075875 0.1088958 0.1111431 0.1111431 0.1111431 0.1111431 0.1201997 0.1201997 0.1117027 0.1114326 0.1121748 0.1089636 0.1145836 0.1105362 0.1150896 0.1143500 0.1101960 0.1101819 0.1101960 0.1154608 0.1141042 0.1101960 0.1075530 0.1093419 0.1107426 0.1119411 0.1119411 0.1153099 0.1258851 0.0000010 0.1153041 0.1181462 0.1151924 0.1091355 0.1141760 0.1143630 0.1119411 0.1163519 0.1180232 0.1163519 0.1132554 0.1119411 0.1163519 0.1091868 0.1076755 0.1098393 0.1089704 0.1102649 0.1102649 0.1119411 0.1143391 0.1119411 0.1169631 0.1109144 0.1258851 0.1258851 0.1163730 0.1101960 0.1084411 0.1169048 0.1238920 0.1102406 0.1078070 0.0971410 0.1174776 
HQ317918      0.0181021 0.0794075 0.0164467 0.0713306 0.0000000 0.0815120 0.0787142 0.0172730 0.0181021 0.0713306 0.0806686 0.0725305 0.0791622 0.1073375 0.0842091 0.0799447 0.0810939 0.0815488 0.1195675 0.1218775 0.1207402 0.1332067 0.1116195 0.1236009 0.1260764 0.1206697 0.1205683 0.1206697 0.1151064 0.1182109 0.1164881 0.1175366 0.1189081 0.1189081 0.1218811 0.1183943 0.1175366 0.1201283 0.1188097 0.1195675 0.1271768 0.1237520 0.1253949 0.1171857 0.1215391 0.1220945 0.1226687 0.1257896 0.1160855 0.1189258 0.1257860 0.1192752 0.1165615 0.1191699 0.1247594 0.1239617 0.1234432 0.1247594 0.1275036 0.1206535 0.1261618 0.1201070 0.1215161 0.1206535 0.1219269 0.1204113 0.1163617 0.1179471 0.1285036 0.1248384 0.1243157 0.1257706 0.1179763 0.1253949 0.1191376 0.1236599 0.1190175 0.1195601 0.1240788 0.1170590 0.1208546 0.1226687 0.1261770 0.1248091 0.1205662 0.1223219 0.1215139 0.1214898 0.1457773 0.1496181 0.1501536 0.1470896 0.1487315 0.1202986 0.1176528 0.1207664 0.1175366 0.1197292 0.1166359 0.1259104 0.1266257 0.1158768 0.1261251 0.1161721 0.1212905 0.1212905 0.1212905 0.1212905 0.1280458 0.1280458 0.1191304 0.1188302 0.1196490 0.1162478 0.1221461 0.1178829 0.1226927 0.1244760 0.1175366 0.1152052 0.1175366 0.1230809 0.1216316 0.1175366 0.1157015 0.1166359 0.1206868 0.1221412 0.1221412 0.1258533 0.1391075 0.0000010 0.1287774 0.1312172 0.1253745 0.1192053 0.1217765 0.1271001 0.1221412 0.1269163 0.1287360 0.1269163 0.1235349 0.1221412 0.1269163 0.1278437 0.1202048 0.1171453 0.1190048 0.1176135 0.1176135 0.1221412 0.1246638 0.1221412 0.1276523 0.1297029 0.1391075 0.1391075 0.1264264 0.1175366 0.1156730 0.1260028 0.1288476 0.1265525 0.1239368 0.1065571 0.1324493 
JQ970480      0.0670005 0.0254396 0.0648690 0.0162656 0.0815120 0.0000000 0.0075766 0.0638140 0.0670005 0.0162656 0.0083578 0.0187427 0.0220748 0.0825436 0.0586540 0.0559661 0.0569725 0.0607363 0.1190524 0.1164685 0.1151589 0.1325433 0.1116375 0.1201846 0.1223682 0.1203149 0.1176892 0.1203149 0.1148779 0.1169721 0.1175910 0.1172545 0.1185950 0.1185950 0.1214985 0.1188170 0.1172545 0.1197877 0.1184971 0.1190524 0.1215757 0.1207784 0.1223710 0.1176747 0.1204008 0.1169034 0.1170339 0.1227211 0.1158364 0.1186123 0.1227506 0.1164483 0.1186258 0.1188502 0.1192364 0.1209888 0.1151073 0.1192364 0.1218778 0.1177847 0.1231213 0.1197670 0.1172569 0.1177847 0.1190213 0.1175432 0.1161056 0.1174715 0.1228546 0.1218374 0.1213347 0.1202235 0.1152064 0.1223710 0.1167356 0.1207009 0.1188870 0.1123222 0.1183862 0.1116646 0.1183908 0.1170339 0.1205991 0.1243568 0.1216077 0.1217806 0.1186179 0.1211180 0.1391150 0.1458909 0.1446816 0.1417281 0.1433075 0.1199536 0.1146924 0.1150343 0.1172545 0.1184423 0.1163741 0.1228868 0.1138565 0.1168877 0.1133618 0.1159205 0.1182175 0.1182175 0.1182175 0.1182175 0.1275183 0.1275183 0.1188116 0.1185189 0.1193175 0.1159943 0.1217584 0.1175934 0.1222915 0.1214972 0.1172545 0.1172781 0.1172545 0.1226708 0.1212564 0.1172545 0.1145397 0.1163741 0.1178165 0.1190396 0.1190396 0.1200201 0.1281532 0.0000010 0.1200289 0.1203290 0.1249126 0.1161875 0.1213945 0.1163079 0.1190396 0.1210625 0.1227830 0.1210625 0.1203877 0.1190396 0.1210625 0.1149922 0.1146725 0.1168725 0.1160010 0.1173294 0.1173294 0.1190396 0.1189633 0.1190396 0.1214433 0.1167534 0.1281532 0.1281532 0.1232111 0.1172545 0.1154332 0.1215356 0.1231572 0.1148357 0.1123644 0.1027748 0.1235878 
JX088694      0.0663735 0.0230483 0.0642368 0.0155475 0.0787142 0.0075766 0.0000000 0.0631793 0.0663735 0.0155475 0.0045320 0.0180274 0.0213644 0.0865384 0.0620828 0.0553194 0.0563280 0.0601037 0.1196855 0.1167174 0.1127280 0.1321277 0.1118678 0.1204515 0.1226449 0.1178565 0.1152454 0.1178565 0.1151213 0.1172220 0.1171174 0.1175064 0.1188521 0.1188521 0.1217679 0.1160212 0.1175064 0.1200493 0.1187553 0.1196855 0.1218440 0.1210450 0.1226439 0.1179307 0.1206649 0.1171537 0.1172852 0.1229984 0.1160823 0.1188695 0.1230250 0.1166971 0.1188843 0.1191088 0.1194962 0.1212555 0.1153510 0.1194962 0.1221479 0.1180386 0.1233966 0.1200284 0.1175095 0.1180386 0.1192799 0.1177968 0.1163534 0.1177259 0.1231279 0.1221076 0.1216026 0.1204865 0.1154489 0.1226439 0.1169847 0.1209661 0.1191448 0.1125560 0.1186428 0.1118949 0.1186472 0.1172852 0.1208643 0.1246384 0.1218767 0.1220530 0.1188751 0.1213847 0.1358369 0.1455395 0.1443255 0.1413578 0.1429446 0.1202161 0.1149346 0.1152776 0.1175064 0.1186998 0.1166225 0.1231603 0.1159290 0.1156122 0.1154318 0.1161673 0.1184729 0.1184729 0.1184729 0.1184729 0.1278116 0.1278116 0.1190700 0.1187756 0.1195786 0.1162415 0.1220282 0.1178463 0.1225639 0.1217651 0.1175064 0.1175315 0.1175064 0.1229446 0.1215237 0.1175064 0.1147811 0.1166225 0.1180706 0.1166000 0.1166000 0.1202863 0.1284535 0.0000010 0.1202960 0.1205962 0.1251941 0.1164360 0.1216649 0.1165566 0.1166000 0.1213319 0.1230605 0.1213319 0.1179401 0.1166000 0.1213319 0.1170799 0.1149146 0.1171224 0.1162483 0.1175818 0.1175818 0.1166000 0.1192215 0.1166000 0.1244540 0.1188605 0.1284535 0.1284535 0.1238574 0.1175064 0.1156774 0.1218018 0.1234309 0.1150804 0.1126000 0.1029777 0.1222517 
KJ466147      0.0022424 0.0650866 0.0007440 0.0540726 0.0172730 0.0638140 0.0631793 0.0000000 0.0022424 0.0540726 0.0650121 0.0571931 0.0612398 0.0865450 0.0636142 0.0619412 0.0629904 0.0635264 0.1019729 0.1065270 0.1053640 0.1141155 0.0993198 0.1053200 0.1075082 0.1053067 0.1052228 0.1053067 0.1025410 0.1007298 0.0989384 0.1024355 0.1037163 0.1037163 0.1089110 0.1031574 0.1024355 0.1048736 0.1035433 0.1019729 0.1115095 0.1082124 0.1097492 0.1020808 0.1062144 0.1041074 0.1072319 0.1099537 0.1011113 0.1037330 0.1101175 0.1040775 0.1015534 0.1039368 0.1092096 0.1084494 0.1079708 0.1092096 0.1117816 0.1053654 0.1105044 0.1048554 0.1061330 0.1053654 0.1065663 0.1051071 0.1013192 0.1028471 0.1127587 0.1092592 0.1087931 0.1101954 0.1004195 0.1097492 0.1014128 0.1081826 0.1038656 0.1026305 0.1085467 0.1020325 0.1029368 0.1072319 0.1105330 0.1091546 0.1053120 0.1068907 0.1061669 0.1061468 0.1312635 0.1354319 0.1350363 0.1292679 0.1336816 0.1050136 0.1025328 0.1054592 0.1024355 0.1044356 0.1016010 0.1103133 0.1065983 0.0983815 0.1061080 0.1011611 0.1059585 0.1059585 0.1059585 0.1059585 0.1122443 0.1122443 0.1039004 0.1036523 0.1043404 0.1012230 0.1067341 0.1027783 0.1072144 0.1089749 0.1024355 0.1002855 0.1024355 0.1075797 0.1062763 0.1024355 0.0994205 0.1016010 0.1053937 0.1067448 0.1067448 0.1100170 0.1199954 0.0000010 0.1100391 0.1123531 0.1098057 0.1039489 0.1062777 0.1090594 0.1067448 0.1110690 0.1127051 0.1110690 0.1080470 0.1067448 0.1110690 0.1076961 0.1049371 0.1021030 0.1037971 0.1024985 0.1024985 0.1067448 0.1091306 0.1067448 0.1117319 0.1094115 0.1199954 0.1199954 0.1083399 0.1024355 0.1007379 0.1104973 0.1134319 0.1098146 0.1073599 0.0919291 0.1133298 
KU946961      0.0000010 0.0661499 0.0014915 0.0571230 0.0181021 0.0670005 0.0663735 0.0022424 0.0000000 0.0571230 0.0682260 0.0602945 0.0643973 0.0877394 0.0646771 0.0629904 0.0640449 0.0645762 0.1032484 0.1052249 0.1066650 0.1154734 0.1005792 0.1066267 0.1088335 0.1066067 0.1065214 0.1066067 0.1038234 0.1019982 0.1002001 0.1037163 0.1050037 0.1050037 0.1102263 0.1044488 0.1037163 0.1061653 0.1048369 0.1032484 0.1128301 0.1095249 0.1110694 0.1033626 0.1075109 0.1053961 0.1085364 0.1112892 0.1023829 0.1050204 0.1114393 0.1053654 0.1028277 0.1052273 0.1078930 0.1097591 0.1092782 0.1078930 0.1104527 0.1066597 0.1118247 0.1061468 0.1074339 0.1066597 0.1078656 0.1064026 0.1025960 0.1041281 0.1140846 0.1105742 0.1101036 0.1115095 0.1016807 0.1110694 0.1026851 0.1094905 0.1051499 0.1039142 0.1098580 0.1033076 0.1042212 0.1085364 0.1092096 0.1104752 0.1040177 0.1081955 0.1074652 0.1074448 0.1356146 0.1398940 0.1394282 0.1335770 0.1380571 0.1063076 0.1038152 0.1067550 0.1037163 0.1057308 0.1028773 0.1116291 0.1082742 0.0996393 0.1077829 0.1024355 0.1072555 0.1072555 0.1072555 0.1072555 0.1135752 0.1135752 0.1051908 0.1049386 0.1056368 0.1024985 0.1080374 0.1040594 0.1085228 0.1102839 0.1037163 0.1015534 0.1037163 0.1088898 0.1075751 0.1037163 0.1006884 0.1028773 0.1040957 0.1080470 0.1080470 0.1113521 0.1213799 0.0000010 0.1113748 0.1136961 0.1111194 0.1052412 0.1075881 0.1103736 0.1080470 0.1124045 0.1140539 0.1124045 0.1093556 0.1080470 0.1124045 0.1093800 0.1062298 0.1033793 0.1050857 0.1037804 0.1037804 0.1080470 0.1104421 0.1080470 0.1157352 0.1111050 0.1213799 0.1213799 0.1096467 0.1037163 0.1020063 0.1118057 0.1147606 0.1111418 0.1086764 0.0931780 0.1146891 
KX148264      0.0571230 0.0204593 0.0550829 0.0014879 0.0713306 0.0162656 0.0155475 0.0540726 0.0571230 0.0000000 0.0171038 0.0083438 0.0114839 0.0739803 0.0511999 0.0478943 0.0488578 0.0506104 0.1147962 0.1143500 0.1105707 0.1224073 0.1095697 0.1154730 0.1175993 0.1156435 0.1130616 0.1156435 0.1103099 0.1110814 0.1080643 0.1126541 0.1139710 0.1139710 0.1193242 0.1134517 0.1126541 0.1151483 0.1138501 0.1147962 0.1169089 0.1161018 0.1176675 0.1130224 0.1157485 0.1098618 0.1124330 0.1179616 0.1112711 0.1139881 0.1180414 0.1118621 0.1139772 0.1142144 0.1145981 0.1163206 0.1105449 0.1145981 0.1171957 0.1131752 0.1184162 0.1151284 0.1126450 0.1131752 0.1143936 0.1129279 0.1115195 0.1128367 0.1181683 0.1171520 0.1166646 0.1155803 0.1082434 0.1176675 0.1097141 0.1160433 0.1142669 0.1077964 0.1137609 0.1071698 0.1113011 0.1124330 0.1159366 0.1170840 0.1169307 0.1170551 0.1139928 0.1164557 0.1312912 0.1380429 0.1422567 0.1393347 0.1408958 0.1153054 0.1101339 0.1104758 0.1126541 0.1138034 0.1117920 0.1181993 0.1112616 0.1086281 0.1107686 0.1113435 0.1136056 0.1136056 0.1136056 0.1136056 0.1227365 0.1227365 0.1141767 0.1138991 0.1146599 0.1114133 0.1170772 0.1129937 0.1175921 0.1168345 0.1126541 0.1126532 0.1126541 0.1179657 0.1165904 0.1126541 0.1075530 0.1117920 0.1132056 0.1144114 0.1144114 0.1178382 0.1284953 0.0000010 0.1178401 0.1206908 0.1176848 0.1115923 0.1166850 0.1168552 0.1144114 0.1188786 0.1205730 0.1188786 0.1157359 0.1144114 0.1188786 0.1123824 0.1101149 0.1122891 0.1114201 0.1127250 0.1127250 0.1144114 0.1168233 0.1144114 0.1194671 0.1141255 0.1284953 0.1284953 0.1188758 0.1126541 0.1108781 0.1193881 0.1264382 0.1127161 0.1102662 0.0995364 0.1200475 
KY451767      0.0682260 0.0246438 0.0660761 0.0171038 0.0806686 0.0083578 0.0045320 0.0650121 0.0682260 0.0171038 0.0000000 0.0195978 0.0229516 0.0885359 0.0638992 0.0570885 0.0581031 0.0618914 0.1209941 0.1180142 0.1140124 0.1315840 0.1131389 0.1217837 0.1239930 0.1191636 0.1165405 0.1191636 0.1164130 0.1185165 0.1166269 0.1188070 0.1201592 0.1201592 0.1230929 0.1196594 0.1188070 0.1213605 0.1200690 0.1209941 0.1231626 0.1223666 0.1239728 0.1192462 0.1219796 0.1184511 0.1185862 0.1243433 0.1173730 0.1201766 0.1243554 0.1179936 0.1201984 0.1204192 0.1208072 0.1225749 0.1166410 0.1208072 0.1234708 0.1193416 0.1247258 0.1213394 0.1188135 0.1193416 0.1205878 0.1191017 0.1176501 0.1190363 0.1244517 0.1234315 0.1229223 0.1217987 0.1167311 0.1239728 0.1182782 0.1222821 0.1204506 0.1138361 0.1199505 0.1131662 0.1199538 0.1185862 0.1221819 0.1259800 0.1231982 0.1233884 0.1201825 0.1227022 0.1344848 0.1440369 0.1428451 0.1399197 0.1414830 0.1215299 0.1162237 0.1165664 0.1188070 0.1200112 0.1179179 0.1244844 0.1192468 0.1171676 0.1187495 0.1174614 0.1197766 0.1197766 0.1197766 0.1197766 0.1291615 0.1291615 0.1203802 0.1200815 0.1208952 0.1175368 0.1233509 0.1191465 0.1238916 0.1230825 0.1188070 0.1188390 0.1188070 0.1242739 0.1228423 0.1188070 0.1160680 0.1179179 0.1193740 0.1178951 0.1178951 0.1216178 0.1298266 0.0000010 0.1212066 0.1219280 0.1265270 0.1177355 0.1229959 0.1178548 0.1178951 0.1226632 0.1244055 0.1226632 0.1192416 0.1178951 0.1226632 0.1204142 0.1162035 0.1184181 0.1175435 0.1188835 0.1188835 0.1178951 0.1205284 0.1178951 0.1257838 0.1222131 0.1298266 0.1298266 0.1251865 0.1188070 0.1169653 0.1231099 0.1275176 0.1163800 0.1138892 0.1042314 0.1239072 
MG201919      0.0602945 0.0230103 0.0582201 0.0083438 0.0725305 0.0187427 0.0180274 0.0571931 0.0602945 0.0083438 0.0195978 0.0000000 0.0060342 0.0795025 0.0561047 0.0527059 0.0536922 0.0554663 0.1215079 0.1210552 0.1147198 0.1320781 0.1161451 0.1197371 0.1219163 0.1198713 0.1172482 0.1198713 0.1169378 0.1176694 0.1146513 0.1193262 0.1206757 0.1206757 0.1261711 0.1201797 0.1193262 0.1218739 0.1205885 0.1215079 0.1236714 0.1201465 0.1244822 0.1170483 0.1224918 0.1189705 0.1191064 0.1248572 0.1178937 0.1206931 0.1248637 0.1158317 0.1179993 0.1209361 0.1186109 0.1230865 0.1144947 0.1186109 0.1212443 0.1171641 0.1224836 0.1218527 0.1193342 0.1171641 0.1211030 0.1169220 0.1181722 0.1168477 0.1249571 0.1239413 0.1234326 0.1223106 0.1172508 0.1244822 0.1187967 0.1227936 0.1209655 0.1143652 0.1204681 0.1136940 0.1204710 0.1191064 0.1199693 0.1264855 0.1237080 0.1211412 0.1206991 0.1232125 0.1329120 0.1424344 0.1410169 0.1381022 0.1396585 0.1220435 0.1167480 0.1144223 0.1193262 0.1205300 0.1157581 0.1249898 0.1180431 0.1176889 0.1210715 0.1179832 0.1202934 0.1202934 0.1202934 0.1202934 0.1296556 0.1296556 0.1181869 0.1205980 0.1214126 0.1180588 0.1238606 0.1196643 0.1244009 0.1235912 0.1193262 0.1166558 0.1193262 0.1247821 0.1233525 0.1193262 0.1165919 0.1157581 0.1171957 0.1184156 0.1184156 0.1219446 0.1329739 0.0000010 0.1221537 0.1250292 0.1270268 0.1182583 0.1235103 0.1198336 0.1184156 0.1229841 0.1247200 0.1229841 0.1197595 0.1184156 0.1229841 0.1227383 0.1167277 0.1189370 0.1180655 0.1194030 0.1194030 0.1184156 0.1208550 0.1184156 0.1235363 0.1245397 0.1329739 0.1329739 0.1282619 0.1193262 0.1174864 0.1223644 0.1307979 0.1143957 0.1144219 0.1023377 0.1244272 
MG201921      0.0643973 0.0264351 0.0622854 0.0114839 0.0791622 0.0220748 0.0213644 0.0612398 0.0643973 0.0114839 0.0229516 0.0060342 0.0000000 0.0817544 0.0581027 0.0546660 0.0556617 0.0574443 0.1196413 0.1191914 0.1155626 0.1304577 0.1143264 0.1165169 0.1186609 0.1207187 0.1180929 0.1207187 0.1177792 0.1185043 0.1128327 0.1201686 0.1215197 0.1215197 0.1270228 0.1210276 0.1201686 0.1227182 0.1214369 0.1196413 0.1217869 0.1196398 0.1225816 0.1169428 0.1206147 0.1171240 0.1199495 0.1229332 0.1187324 0.1215371 0.1229604 0.1140104 0.1161497 0.1217817 0.1167644 0.1239338 0.1126851 0.1167644 0.1193764 0.1153314 0.1206046 0.1226969 0.1201788 0.1153314 0.1192379 0.1177634 0.1190144 0.1150054 0.1230630 0.1220487 0.1229484 0.1231546 0.1154289 0.1225816 0.1169560 0.1209142 0.1191037 0.1152042 0.1213129 0.1145285 0.1186089 0.1199495 0.1181111 0.1245636 0.1245553 0.1192560 0.1215432 0.1240583 0.1300120 0.1394138 0.1380223 0.1351364 0.1366754 0.1228891 0.1175880 0.1152584 0.1201686 0.1213769 0.1165958 0.1258364 0.1191365 0.1158550 0.1221717 0.1188241 0.1211359 0.1211359 0.1211359 0.1211359 0.1305099 0.1305099 0.1190292 0.1214413 0.1222612 0.1189002 0.1247084 0.1205057 0.1252509 0.1244361 0.1201686 0.1174994 0.1201686 0.1256323 0.1256200 0.1201686 0.1174308 0.1165958 0.1180356 0.1192562 0.1192562 0.1228000 0.1309814 0.0000010 0.1202472 0.1231082 0.1278752 0.1191021 0.1243642 0.1180487 0.1192562 0.1238373 0.1255787 0.1238373 0.1206016 0.1192562 0.1238373 0.1238402 0.1175676 0.1197770 0.1189069 0.1202459 0.1202459 0.1192562 0.1216967 0.1192562 0.1243809 0.1275118 0.1309814 0.1309814 0.1263399 0.1201686 0.1183242 0.1219339 0.1316485 0.1125695 0.1125954 0.1031776 0.1199005 
FJ712195      0.0877394 0.0870523 0.0853492 0.0761147 0.1073375 0.0825436 0.0865384 0.0865450 0.0877394 0.0739803 0.0885359 0.0795025 0.0817544 0.0000000 0.0244763 0.0413749 0.0423303 0.0459812 0.1298865 0.1271244 0.1286669 0.1408882 0.1212119 0.1253358 0.1305265 0.1314925 0.1286901 0.1314925 0.1256564 0.1207467 0.1211695 0.1281740 0.1267349 0.1267349 0.1354650 0.1291305 0.1281740 0.1308690 0.1295652 0.1298865 0.1354687 0.1313854 0.1317172 0.1275094 0.1300731 0.1275781 0.1279523 0.1321934 0.1266298 0.1296258 0.1340802 0.1299728 0.1294850 0.1298992 0.1327682 0.1321763 0.1256707 0.1327682 0.1356002 0.1285272 0.1315302 0.1308456 0.1282087 0.1285272 0.1271777 0.1285077 0.1269602 0.1282694 0.1368376 0.1330856 0.1325337 0.1340123 0.1257059 0.1317172 0.1273716 0.1289553 0.1298945 0.1229304 0.1294000 0.1221789 0.1291825 0.1279523 0.1342343 0.1354617 0.1328273 0.1329079 0.1296337 0.1322903 0.1680564 0.1759435 0.1777793 0.1711666 0.1762574 0.1281740 0.1254421 0.1255862 0.1281740 0.1294867 0.1298844 0.1354118 0.1222706 0.1262113 0.1220229 0.1267477 0.1291913 0.1291913 0.1291913 0.1291913 0.1371547 0.1371547 0.1298572 0.1295192 0.1304335 0.1268334 0.1329941 0.1285172 0.1316269 0.1353755 0.1281740 0.1280470 0.1281740 0.1339876 0.1324428 0.1281740 0.1279123 0.1298844 0.1312332 0.1298581 0.1298581 0.1310819 0.1448781 0.0000010 0.1288685 0.1364464 0.1363244 0.1270689 0.1293202 0.1325348 0.1298581 0.1348574 0.1367710 0.1348574 0.1312961 0.1298581 0.1348574 0.1237141 0.1280709 0.1277392 0.1268401 0.1282610 0.1282610 0.1298581 0.1324453 0.1298581 0.1382572 0.1255423 0.1448781 0.1448781 0.1370478 0.1281740 0.1261929 0.1324179 0.1420154 0.1278237 0.1265178 0.1163686 0.1387141 
FJ712196      0.0646771 0.0668888 0.0625515 0.0531119 0.0842091 0.0586540 0.0620828 0.0636142 0.0646771 0.0511999 0.0638992 0.0561047 0.0581027 0.0244763 0.0000000 0.0198863 0.0207305 0.0240490 0.1183432 0.1182664 0.1196797 0.1285022 0.1126360 0.1173313 0.1194996 0.1223676 0.1197007 0.1223676 0.1168396 0.1122057 0.1101001 0.1192502 0.1206122 0.1206122 0.1261597 0.1201112 0.1192502 0.1218216 0.1205238 0.1183432 0.1262143 0.1222673 0.1226042 0.1185397 0.1224453 0.1161823 0.1190282 0.1229597 0.1178046 0.1206297 0.1224370 0.1182457 0.1204633 0.1208749 0.1236361 0.1230457 0.1168859 0.1236361 0.1263322 0.1196007 0.1224370 0.1218003 0.1192580 0.1196007 0.1210435 0.1195480 0.1180854 0.1192955 0.1275206 0.1239085 0.1233951 0.1248303 0.1144790 0.1226042 0.1160152 0.1227500 0.1209048 0.1142437 0.1204025 0.1135670 0.1176776 0.1190282 0.1250286 0.1264772 0.1236730 0.1236711 0.1231971 0.1231729 0.1469090 0.1558949 0.1557576 0.1496497 0.1543380 0.1219928 0.1166482 0.1168108 0.1192502 0.1204648 0.1181694 0.1261644 0.1200207 0.1149041 0.1197696 0.1178948 0.1202263 0.1202263 0.1202263 0.1202263 0.1277926 0.1277926 0.1208355 0.1205337 0.1213557 0.1179710 0.1238270 0.1195914 0.1225239 0.1261312 0.1192502 0.1190968 0.1192502 0.1223569 0.1233142 0.1192502 0.1164908 0.1181694 0.1221828 0.1208718 0.1208718 0.1244939 0.1332378 0.0000010 0.1179492 0.1278481 0.1270238 0.1181722 0.1234732 0.1169274 0.1208718 0.1255410 0.1273179 0.1255410 0.1222386 0.1208718 0.1255410 0.1214301 0.1191588 0.1188575 0.1179777 0.1193275 0.1193275 0.1208718 0.1233479 0.1208718 0.1288714 0.1232243 0.1332378 0.1332378 0.1276981 0.1192502 0.1173937 0.1183276 0.1272447 0.1170488 0.1157983 0.1070313 0.1272707 
GU647092      0.0629904 0.0612630 0.0608923 0.0497721 0.0799447 0.0559661 0.0553194 0.0619412 0.0629904 0.0478943 0.0570885 0.0527059 0.0546660 0.0413749 0.0198863 0.0000000 0.0007439 0.0115102 0.1209298 0.1206646 0.1219056 0.1319377 0.1155568 0.1195696 0.1189818 0.1220280 0.1193748 0.1220280 0.1165290 0.1143973 0.1093471 0.1189280 0.1202830 0.1202830 0.1258006 0.1197829 0.1189280 0.1214866 0.1201933 0.1209298 0.1232919 0.1219282 0.1222642 0.1182183 0.1221069 0.1162943 0.1187069 0.1226141 0.1174906 0.1203005 0.1244875 0.1179291 0.1201337 0.1205438 0.1207428 0.1227036 0.1165762 0.1207428 0.1234059 0.1192772 0.1220982 0.1214654 0.1189349 0.1192772 0.1207124 0.1192236 0.1177688 0.1189715 0.1245833 0.1235617 0.1230515 0.1219255 0.1145991 0.1222642 0.1161278 0.1224100 0.1205748 0.1112860 0.1200741 0.1132738 0.1177820 0.1187069 0.1221173 0.1261151 0.1233278 0.1233230 0.1203065 0.1228308 0.1424563 0.1540404 0.1539182 0.1478680 0.1525107 0.1216564 0.1163390 0.1165017 0.1189280 0.1201352 0.1178534 0.1232440 0.1221499 0.1150225 0.1219036 0.1175795 0.1198995 0.1198995 0.1198995 0.1198995 0.1274257 0.1274257 0.1205047 0.1202052 0.1210211 0.1176551 0.1234809 0.1192680 0.1221845 0.1232116 0.1189280 0.1187743 0.1189280 0.1244057 0.1229712 0.1189280 0.1166013 0.1178534 0.1193096 0.1205420 0.1205420 0.1241406 0.1301814 0.0000010 0.1176293 0.1248732 0.1266618 0.1178545 0.1231263 0.1179740 0.1205420 0.1251836 0.1269492 0.1251836 0.1219017 0.1205420 0.1251836 0.1235817 0.1188373 0.1185381 0.1201909 0.1190048 0.1190048 0.1205420 0.1230059 0.1205420 0.1284998 0.1253954 0.1301814 0.1301814 0.1276985 0.1189280 0.1170819 0.1205215 0.1276536 0.1092355 0.1080162 0.1017726 0.1242680 
JQ946087      0.0640449 0.0622978 0.0619361 0.0507438 0.0810939 0.0569725 0.0563280 0.0629904 0.0640449 0.0488578 0.0581031 0.0536922 0.0556617 0.0423303 0.0207305 0.0007439 0.0000000 0.0123069 0.1222899 0.1220260 0.1232791 0.1333722 0.1168896 0.1209434 0.1203577 0.1234032 0.1207380 0.1234032 0.1178752 0.1157262 0.1106586 0.1202830 0.1216446 0.1216446 0.1271908 0.1211493 0.1202830 0.1228522 0.1215618 0.1222899 0.1246648 0.1233030 0.1236372 0.1195822 0.1234760 0.1176327 0.1200624 0.1240035 0.1188354 0.1216621 0.1258725 0.1192772 0.1214996 0.1219088 0.1221054 0.1240776 0.1179177 0.1221054 0.1247804 0.1206318 0.1234688 0.1228308 0.1202936 0.1206318 0.1220747 0.1205830 0.1191199 0.1203338 0.1259614 0.1249402 0.1244257 0.1232919 0.1159220 0.1236372 0.1174622 0.1237804 0.1219348 0.1126072 0.1214363 0.1145990 0.1191297 0.1200624 0.1234865 0.1275117 0.1247038 0.1247107 0.1216683 0.1242027 0.1439199 0.1555734 0.1554393 0.1493629 0.1540267 0.1230247 0.1176824 0.1178420 0.1202830 0.1215011 0.1192004 0.1246160 0.1239280 0.1163536 0.1236869 0.1189280 0.1212577 0.1212577 0.1212577 0.1212577 0.1288196 0.1288196 0.1218695 0.1215655 0.1223925 0.1190048 0.1248582 0.1206225 0.1235563 0.1245833 0.1202830 0.1201337 0.1202830 0.1257895 0.1243443 0.1202830 0.1179421 0.1192004 0.1206646 0.1219017 0.1219017 0.1255352 0.1316071 0.0000010 0.1189970 0.1262684 0.1280490 0.1192085 0.1217348 0.1193267 0.1219017 0.1265775 0.1283574 0.1265775 0.1232678 0.1219017 0.1265775 0.1253741 0.1201909 0.1198881 0.1188258 0.1203610 0.1203610 0.1219017 0.1243746 0.1219017 0.1298940 0.1271981 0.1316071 0.1316071 0.1290896 0.1202830 0.1184240 0.1218707 0.1290420 0.1105548 0.1093302 0.1030680 0.1256769 
KF726852      0.0645762 0.0641212 0.0624766 0.0525037 0.0815488 0.0607363 0.0601037 0.0635264 0.0645762 0.0506104 0.0618914 0.0554663 0.0574443 0.0459812 0.0240490 0.0115102 0.0123069 0.0000000 0.1220078 0.1217456 0.1229865 0.1327810 0.1166542 0.1236210 0.1258370 0.1231093 0.1204672 0.1231093 0.1176298 0.1155005 0.1126873 0.1200173 0.1213671 0.1213671 0.1268643 0.1208747 0.1200173 0.1225646 0.1212836 0.1220078 0.1243616 0.1230099 0.1233419 0.1200463 0.1231828 0.1196608 0.1197983 0.1237019 0.1185828 0.1213845 0.1255574 0.1190206 0.1219444 0.1216286 0.1218241 0.1237787 0.1176728 0.1218241 0.1244760 0.1203635 0.1231754 0.1225434 0.1200271 0.1203635 0.1217937 0.1203141 0.1188640 0.1207895 0.1256471 0.1246337 0.1241241 0.1230007 0.1179370 0.1233419 0.1194853 0.1234846 0.1216554 0.1150570 0.1211603 0.1143826 0.1211627 0.1197983 0.1231933 0.1271812 0.1243997 0.1251288 0.1213906 0.1239034 0.1430261 0.1545554 0.1544301 0.1484127 0.1530307 0.1227352 0.1174390 0.1175980 0.1200173 0.1212239 0.1189446 0.1243134 0.1218126 0.1183783 0.1215679 0.1186740 0.1209839 0.1209839 0.1209839 0.1209839 0.1284796 0.1284796 0.1215896 0.1212889 0.1221072 0.1187500 0.1245526 0.1203543 0.1232619 0.1242810 0.1200173 0.1205905 0.1200173 0.1254753 0.1240436 0.1200173 0.1199719 0.1189446 0.1203959 0.1216226 0.1216226 0.1252205 0.1355440 0.0000010 0.1228707 0.1301622 0.1277166 0.1159152 0.1242076 0.1217820 0.1216226 0.1262549 0.1280176 0.1262549 0.1229769 0.1216226 0.1262549 0.1232276 0.1199262 0.1183839 0.1212745 0.1200945 0.1200945 0.1216226 0.1240746 0.1216226 0.1295458 0.1250214 0.1355440 0.1355440 0.1287483 0.1200173 0.1181751 0.1229497 0.1314862 0.1143563 0.1131259 0.1055547 0.1296140 
AB573762      0.1032484 0.1262308 0.1006944 0.1123263 0.1195675 0.1190524 0.1196855 0.1019729 0.1032484 0.1147962 0.1209941 0.1215079 0.1196413 0.1298865 0.1183432 0.1209298 0.1222899 0.1220078 0.0000000 0.0170945 0.0139503 0.0472549 0.0106767 0.0366716 0.0402309 0.0139463 0.0123424 0.0139463 0.0139388 0.0099175 0.0350084 0.0162814 0.0170976 0.0170976 0.0203900 0.0187575 0.0162814 0.0179041 0.0171142 0.0000010 0.0187098 0.0179300 0.0155406 0.0171834 0.0179222 0.0341487 0.0180286 0.0157114 0.0155008 0.0154870 0.0179099 0.0170920 0.0187313 0.0155099 0.0187281 0.0171931 0.0179116 0.0187281 0.0203800 0.0162751 0.0195431 0.0146737 0.0155857 0.0162751 0.0187238 0.0139493 0.0162942 0.0179280 0.0195286 0.0170966 0.0179086 0.0178875 0.0325359 0.0155406 0.0323441 0.0187350 0.0170704 0.0163693 0.0172034 0.0138649 0.0332731 0.0180286 0.0195566 0.0204080 0.0195606 0.0204214 0.0203872 0.0170976 0.1641694 0.1714151 0.1671460 0.1639953 0.1685711 0.0162971 0.0155313 0.0179049 0.0146737 0.0171212 0.0170856 0.0195344 0.0137679 0.0323804 0.0117593 0.0154840 0.0155590 0.0155590 0.0155590 0.0155590 0.0187948 0.0187948 0.0147539 0.0138754 0.0155632 0.0154748 0.0170903 0.0178928 0.0155349 0.0187027 0.0146737 0.0179079 0.0146737 0.0179031 0.0179019 0.0146737 0.0306899 0.0170856 0.0178981 0.0187268 0.0187268 0.0248439 0.0417928 0.0000010 0.0345854 0.0344753 0.0195398 0.0163522 0.0181689 0.0334156 0.0187268 0.0230065 0.0238820 0.0230065 0.0195539 0.0187268 0.0230065 0.0127720 0.0155289 0.0122814 0.0147306 0.0162875 0.0162875 0.0187268 0.0203584 0.0187268 0.0253935 0.0147980 0.0417928 0.0417928 0.0075746 0.0146737 0.0114777 0.0315649 0.0363852 0.0383055 0.0365036 0.0149044 0.0366703 
AB573763      0.1052249 0.1230263 0.1052249 0.1118815 0.1218775 0.1164685 0.1167174 0.1065270 0.1052249 0.1143500 0.1180142 0.1210552 0.1191914 0.1271244 0.1182664 0.1206646 0.1220260 0.1217456 0.0170945 0.0000000 0.0172032 0.0442580 0.0154615 0.0367150 0.0402785 0.0155740 0.0139551 0.0155740 0.0155654 0.0162886 0.0333228 0.0179221 0.0187462 0.0187462 0.0204136 0.0204239 0.0179221 0.0179247 0.0187648 0.0170945 0.0091255 0.0091464 0.0076166 0.0099321 0.0083609 0.0324314 0.0196957 0.0076987 0.0171370 0.0171217 0.0083549 0.0075787 0.0091351 0.0171472 0.0075755 0.0172130 0.0083561 0.0075755 0.0091307 0.0068044 0.0099121 0.0163001 0.0172310 0.0068044 0.0091318 0.0155773 0.0179362 0.0083632 0.0099057 0.0075802 0.0083543 0.0099099 0.0308230 0.0076166 0.0306406 0.0091370 0.0106989 0.0180185 0.0188624 0.0154827 0.0315611 0.0196957 0.0083531 0.0204113 0.0212325 0.0107229 0.0203905 0.0203876 0.1579956 0.1679409 0.1580540 0.1549710 0.1594553 0.0179395 0.0171702 0.0099190 0.0163001 0.0091523 0.0091345 0.0114877 0.0097445 0.0306749 0.0179372 0.0154869 0.0172011 0.0172011 0.0172011 0.0172011 0.0123402 0.0123402 0.0163891 0.0154949 0.0172061 0.0171082 0.0091365 0.0099126 0.0091803 0.0106935 0.0163001 0.0099204 0.0163001 0.0099177 0.0099171 0.0163001 0.0272468 0.0091345 0.0083502 0.0107065 0.0107065 0.0148620 0.0407764 0.0000010 0.0353942 0.0335043 0.0212098 0.0179998 0.0198456 0.0325576 0.0107065 0.0131646 0.0139847 0.0131646 0.0114984 0.0107065 0.0131646 0.0189827 0.0171676 0.0138859 0.0179907 0.0179288 0.0179288 0.0107065 0.0107027 0.0107065 0.0171078 0.0107523 0.0407764 0.0407764 0.0204107 0.0163001 0.0130732 0.0281073 0.0337108 0.0391230 0.0373180 0.0141077 0.0374881 
EU086200      0.1066650 0.1201016 0.1040597 0.1081161 0.1207402 0.1151589 0.1127280 0.1053640 0.1066650 0.1105707 0.1140124 0.1147198 0.1155626 0.1286669 0.1196797 0.1219056 0.1232791 0.1229865 0.0139503 0.0172032 0.0000000 0.0457202 0.0107538 0.0380540 0.0416757 0.0045032 0.0029895 0.0045032 0.0124206 0.0115491 0.0352766 0.0147666 0.0155811 0.0155811 0.0188676 0.0188772 0.0147666 0.0163872 0.0155960 0.0139503 0.0171929 0.0180442 0.0156547 0.0180457 0.0164040 0.0326407 0.0165017 0.0158280 0.0139846 0.0139722 0.0163925 0.0172006 0.0188507 0.0139929 0.0188474 0.0156688 0.0163784 0.0188474 0.0205102 0.0163784 0.0180239 0.0147666 0.0140618 0.0163784 0.0172057 0.0124299 0.0147783 0.0180422 0.0180107 0.0155804 0.0163914 0.0163722 0.0310218 0.0156547 0.0308379 0.0172160 0.0171955 0.0148471 0.0156782 0.0123545 0.0317644 0.0165017 0.0196814 0.0188840 0.0180399 0.0205522 0.0188652 0.0172063 0.1630033 0.1702782 0.1659910 0.1628207 0.1674259 0.0147808 0.0140128 0.0163722 0.0131609 0.0156027 0.0171941 0.0180161 0.0169862 0.0308727 0.0128794 0.0139694 0.0140378 0.0140378 0.0140378 0.0140378 0.0189336 0.0189336 0.0132334 0.0139633 0.0140413 0.0139612 0.0155746 0.0163770 0.0156489 0.0171864 0.0131609 0.0180219 0.0131609 0.0163864 0.0163853 0.0131609 0.0274201 0.0171941 0.0180120 0.0171917 0.0171917 0.0232765 0.0421217 0.0000010 0.0348537 0.0347418 0.0180207 0.0148314 0.0166337 0.0327684 0.0171917 0.0214521 0.0223230 0.0214521 0.0180163 0.0171917 0.0214521 0.0139061 0.0140107 0.0107723 0.0132126 0.0147721 0.0147721 0.0171917 0.0188204 0.0171917 0.0238420 0.0159590 0.0421217 0.0421217 0.0188654 0.0131609 0.0099714 0.0300232 0.0348278 0.0349238 0.0349352 0.0117498 0.0387957 
EU086201      0.1154734 0.1370508 0.1127535 0.1224073 0.1332067 0.1325433 0.1321277 0.1141155 0.1154734 0.1224073 0.1315840 0.1320781 0.1304577 0.1408882 0.1285022 0.1319377 0.1333722 0.1327810 0.0472549 0.0442580 0.0457202 0.0000000 0.0396819 0.0556345 0.0596412 0.0457027 0.0437754 0.0457027 0.0399214 0.0482665 0.0279512 0.0456205 0.0465992 0.0465992 0.0497419 0.0498302 0.0456205 0.0475382 0.0461654 0.0472549 0.0480665 0.0472300 0.0464305 0.0464561 0.0452463 0.0150954 0.0467075 0.0469927 0.0447498 0.0447055 0.0471688 0.0461901 0.0481394 0.0447798 0.0481230 0.0457471 0.0471654 0.0481230 0.0500775 0.0452163 0.0471688 0.0456205 0.0448201 0.0452163 0.0442675 0.0438064 0.0456595 0.0472204 0.0490266 0.0462146 0.0452679 0.0470884 0.0135189 0.0464305 0.0134388 0.0453987 0.0442343 0.0447488 0.0457258 0.0416436 0.0142750 0.0467075 0.0491115 0.0506070 0.0475528 0.0502203 0.0485255 0.0485177 0.1677367 0.1719498 0.1675804 0.1643596 0.1690372 0.0456739 0.0437095 0.0471434 0.0437250 0.0443483 0.0461688 0.0490406 0.0475776 0.0126380 0.0457434 0.0427597 0.0437493 0.0437493 0.0437493 0.0437493 0.0502749 0.0502749 0.0447581 0.0446746 0.0449390 0.0446673 0.0461932 0.0432835 0.0464090 0.0480441 0.0437250 0.0471592 0.0437250 0.0471469 0.0452470 0.0437250 0.0151319 0.0461688 0.0471215 0.0481192 0.0481192 0.0537065 0.0609320 0.0000010 0.0550226 0.0568154 0.0494744 0.0447058 0.0481776 0.0437481 0.0481192 0.0513905 0.0524751 0.0513905 0.0491037 0.0481192 0.0513905 0.0469603 0.0455966 0.0416637 0.0465747 0.0436945 0.0436945 0.0481192 0.0480967 0.0481192 0.0519915 0.0464280 0.0609320 0.0609320 0.0512455 0.0437250 0.0406767 0.0465574 0.0484575 0.0550511 0.0530743 0.0385892 0.0585039 
EU086202      0.1005792 0.1207778 0.0980576 0.1071433 0.1116195 0.1116375 0.1118678 0.0993198 0.1005792 0.1095697 0.1131389 0.1161451 0.1143264 0.1212119 0.1126360 0.1155568 0.1168896 0.1166542 0.0106767 0.0154615 0.0107538 0.0396819 0.0000000 0.0340817 0.0376062 0.0107508 0.0091750 0.0107508 0.0060700 0.0114741 0.0297256 0.0099123 0.0107000 0.0107000 0.0138802 0.0138873 0.0099123 0.0114832 0.0107095 0.0106767 0.0154524 0.0162871 0.0139291 0.0155417 0.0146730 0.0288823 0.0131549 0.0140816 0.0099272 0.0107029 0.0146628 0.0154592 0.0170825 0.0107185 0.0170797 0.0123446 0.0162707 0.0170797 0.0187156 0.0146505 0.0162690 0.0114815 0.0107710 0.0146505 0.0154637 0.0091817 0.0107029 0.0162854 0.0162575 0.0138632 0.0146618 0.0146451 0.0272905 0.0139291 0.0271308 0.0154728 0.0138427 0.0099180 0.0123518 0.0083508 0.0280272 0.0131549 0.0178999 0.0138913 0.0130797 0.0187530 0.0138789 0.0122759 0.1496309 0.1564088 0.1524043 0.1493732 0.1537864 0.0114922 0.0099011 0.0162647 0.0099123 0.0138828 0.0154535 0.0162623 0.0158122 0.0271610 0.0097511 0.0107007 0.0107532 0.0107532 0.0107532 0.0107532 0.0171573 0.0171573 0.0099667 0.0106962 0.0107554 0.0106946 0.0138582 0.0146493 0.0139240 0.0154467 0.0099123 0.0162673 0.0099123 0.0146574 0.0146564 0.0099123 0.0255048 0.0154535 0.0162586 0.0170785 0.0170785 0.0231192 0.0362772 0.0000010 0.0309929 0.0291530 0.0146601 0.0106910 0.0132649 0.0281462 0.0170785 0.0213085 0.0221731 0.0213085 0.0178974 0.0170785 0.0213085 0.0107537 0.0098997 0.0075791 0.0091245 0.0114856 0.0114856 0.0170785 0.0186961 0.0170785 0.0220181 0.0147980 0.0362772 0.0362772 0.0138663 0.0099123 0.0068001 0.0263568 0.0310200 0.0328580 0.0311000 0.0116611 0.0330184 
