167
EF564174      0.0000000 0.0661647 0.0014915 0.0571354 0.0181044 0.0670160 0.0663907 0.0022426 0.0000010 0.0571354 0.0682429 0.0603100 0.0644137 0.0877684 0.0646943 0.0630065 0.0640618 0.0645908 0.1032824 0.1052623 0.1067071 0.1155223 0.1006117 0.1066612 0.1088780 0.1066475 0.1065607 0.1066475 0.1038614 0.1020345 0.1002378 0.1037527 0.1050413 0.1050413 0.1102634 0.1044882 0.1037527 0.1062015 0.1048762 0.1032824 0.1128711 0.1095680 0.1111136 0.1034039 0.1075491 0.1054344 0.1085733 0.1113330 0.1024183 0.1050568 0.1114819 0.1054055 0.1028690 0.1052636 0.1079344 0.1097958 0.1093224 0.1079344 0.1104954 0.1067011 0.1118662 0.1061830 0.1074694 0.1067011 0.1079069 0.1064430 0.1026325 0.1041692 0.1141255 0.1106157 0.1101421 0.1115491 0.1017163 0.1111136 0.1027220 0.1095333 0.1051859 0.1039521 0.1098962 0.1033425 0.1042592 0.1085733 0.1092523 0.1105141 0.1040516 0.1082408 0.1075026 0.1074822 0.1356785 0.1399595 0.1394997 0.1336413 0.1381288 0.1063466 0.1038530 0.1067978 0.1037527 0.1057708 0.1029161 0.1116688 0.1083229 0.0996749 0.1078283 0.1024706 0.1072934 0.1072934 0.1072934 0.1072934 0.1136192 0.1136192 0.1052312 0.1049749 0.1056759 0.1025349 0.1080776 0.1040981 0.1085658 0.1103237 0.1037527 0.1015934 0.1037527 0.1089312 0.1076124 0.1037527 0.1007258 0.1029161 0.1041345 0.1080913 0.1080913 0.1113978 0.1214272 0.0000010 0.1114185 0.1137390 0.1111563 0.1052792 0.1076289 0.1104073 0.1080913 0.1124518 0.1141025 0.1124518 0.1094014 0.1080913 0.1124518 0.1094254 0.1062674 0.1034171 0.1051248 0.1038181 0.1038181 0.1080913 0.1104849 0.1080913 0.1157836 0.1111500 0.1214272 0.1214272 0.1096828 0.1037527 0.1020427 0.1118424 0.1148021 0.1111845 0.1087180 0.0932125 0.1147334 
EU643590      0.0661647 0.0000000 0.0661647 0.0204612 0.0794261 0.0254418 0.0230511 0.0651006 0.0661647 0.0204612 0.0246464 0.0230133 0.0264390 0.0870724 0.0669003 0.0612750 0.0623105 0.0641332 0.1262654 0.1230624 0.1201379 0.1371021 0.1208116 0.1219636 0.1241772 0.1253624 0.1226997 0.1253624 0.1216441 0.1210211 0.1193363 0.1213218 0.1226807 0.1226807 0.1282112 0.1221942 0.1213218 0.1238818 0.1226053 0.1262654 0.1284664 0.1276902 0.1293170 0.1245646 0.1272748 0.1236928 0.1238386 0.1284478 0.1198749 0.1226966 0.1297012 0.1232372 0.1255052 0.1229441 0.1233404 0.1251063 0.1218641 0.1233404 0.1260137 0.1246051 0.1300639 0.1238602 0.1227077 0.1246051 0.1258639 0.1243734 0.1201638 0.1243349 0.1297689 0.1287560 0.1282302 0.1270830 0.1219216 0.1293170 0.1235059 0.1275821 0.1257157 0.1217522 0.1252237 0.1210278 0.1252268 0.1238386 0.1247219 0.1281709 0.1257335 0.1287685 0.1227045 0.1252295 0.1358942 0.1424799 0.1471304 0.1441424 0.1457437 0.1240582 0.1241810 0.1217838 0.1213218 0.1253029 0.1231557 0.1298010 0.1245883 0.1223882 0.1205200 0.1199694 0.1250342 0.1250342 0.1250342 0.1250342 0.1345571 0.1345571 0.1256661 0.1225997 0.1234325 0.1200482 0.1286694 0.1243965 0.1292298 0.1283803 0.1213218 0.1241258 0.1213218 0.1296136 0.1281442 0.1213218 0.1212780 0.1231557 0.1218970 0.1258833 0.1258833 0.1324516 0.1326482 0.0000010 0.1270182 0.1246948 0.1290615 0.1257490 0.1255513 0.1215113 0.1258833 0.1306375 0.1324516 0.1306375 0.1272627 0.1258833 0.1306375 0.1221860 0.1241594 0.1209276 0.1255329 0.1214018 0.1214018 0.1258833 0.1283678 0.1258833 0.1311184 0.1275962 0.1326482 0.1326482 0.1331232 0.1213218 0.1194656 0.1258132 0.1338395 0.1190952 0.1153222 0.1081146 0.1293629 
FJ959397      0.0014915 0.0661647 0.0000000 0.0550940 0.0164486 0.0648830 0.0642526 0.0007441 0.0014915 0.0550940 0.0660915 0.0582343 0.0623003 0.0853760 0.0625672 0.0609070 0.0619515 0.0624897 0.1007260 0.1052623 0.1040991 0.1127995 0.0980878 0.1040422 0.1062212 0.1040416 0.1039576 0.1040416 0.1012910 0.0994924 0.0977091 0.1011855 0.1024610 0.1024610 0.1076267 0.1018998 0.1011855 0.1036124 0.1022833 0.1007260 0.1102232 0.1069366 0.1084668 0.1008346 0.1049502 0.1028513 0.1059583 0.1086555 0.0998697 0.1024763 0.1088317 0.1028239 0.1003148 0.1026768 0.1079344 0.1071702 0.1067011 0.1079344 0.1104954 0.1041065 0.1092189 0.1035943 0.1048618 0.1041065 0.1053020 0.1038460 0.1000735 0.1016016 0.1114667 0.1079794 0.1075148 0.1089143 0.0991885 0.1084668 0.1001719 0.1069112 0.1026117 0.1013791 0.1072675 0.1007870 0.1016846 0.1059583 0.1092523 0.1078667 0.1040516 0.1056249 0.1049001 0.1048804 0.1327629 0.1369689 0.1365566 0.1307539 0.1351967 0.1037527 0.1012828 0.1042002 0.1011855 0.1031746 0.1003580 0.1090306 0.1049653 0.0971544 0.1044730 0.0999166 0.1046934 0.1046934 0.1046934 0.1046934 0.1109505 0.1109505 0.1026448 0.1023968 0.1030774 0.0999787 0.1054651 0.1015301 0.1059427 0.1076992 0.1011855 0.0990521 0.1011855 0.1063047 0.1050090 0.1011855 0.0981848 0.1003580 0.1041345 0.1054807 0.1054807 0.1087209 0.1186503 0.0000010 0.1087407 0.1110464 0.1085227 0.1026890 0.1050022 0.1077727 0.1054807 0.1097739 0.1113978 0.1097739 0.1067776 0.1054807 0.1097739 0.1060519 0.1036762 0.1008590 0.1025419 0.1012487 0.1012487 0.1054807 0.1078553 0.1054807 0.1131015 0.1077572 0.1186503 0.1186503 0.1070632 0.1011855 0.0995004 0.1092192 0.1121378 0.1085237 0.1060789 0.0907103 0.1120080 
GU358653      0.0571354 0.0204612 0.0550940 0.0000000 0.0713469 0.0162664 0.0155488 0.0540831 0.0571354 0.0014879 0.0171049 0.0083443 0.0114847 0.0761288 0.0531169 0.0497774 0.0507496 0.0525089 0.1123602 0.1119192 0.1081534 0.1224570 0.1071761 0.1155092 0.1176429 0.1131913 0.1106271 0.1131913 0.1079011 0.1086824 0.1056732 0.1102299 0.1115378 0.1115378 0.1168447 0.1110112 0.1102299 0.1127072 0.1114060 0.1123602 0.1144613 0.1136499 0.1152049 0.1105799 0.1133066 0.1098963 0.1100066 0.1154696 0.1088621 0.1115533 0.1155747 0.1094480 0.1115380 0.1117738 0.1121649 0.1138672 0.1081400 0.1121649 0.1147451 0.1107522 0.1159513 0.1126876 0.1102131 0.1107522 0.1119627 0.1105006 0.1091013 0.1104030 0.1157124 0.1146956 0.1142126 0.1131415 0.1082794 0.1152049 0.1097498 0.1136006 0.1118370 0.1054038 0.1113250 0.1047898 0.1113380 0.1100066 0.1134943 0.1146130 0.1144769 0.1145851 0.1115589 0.1140059 0.1313336 0.1380850 0.1423115 0.1393863 0.1409509 0.1128628 0.1077271 0.1080716 0.1102299 0.1113644 0.1093784 0.1157413 0.1081305 0.1086641 0.1076351 0.1089284 0.1111759 0.1111759 0.1111759 0.1111759 0.1202410 0.1202410 0.1117409 0.1114664 0.1122114 0.1089976 0.1146214 0.1105725 0.1151301 0.1143875 0.1102299 0.1102230 0.1102299 0.1154996 0.1141389 0.1102299 0.1075864 0.1093784 0.1107819 0.1119804 0.1119804 0.1153502 0.1259283 0.0000010 0.1153458 0.1181856 0.1152269 0.1091686 0.1142143 0.1143925 0.1119804 0.1163937 0.1180663 0.1163937 0.1132961 0.1119804 0.1163937 0.1092345 0.1077084 0.1098748 0.1090045 0.1103002 0.1103002 0.1119804 0.1143766 0.1119804 0.1170031 0.1109618 0.1259283 0.1259283 0.1164093 0.1102299 0.1084752 0.1169356 0.1239302 0.1102745 0.1078401 0.0971725 0.1175214 
HQ317918      0.0181044 0.0794261 0.0164486 0.0713469 0.0000000 0.0815332 0.0787376 0.0172751 0.0181044 0.0713469 0.0806916 0.0725493 0.0791834 0.1073760 0.0842352 0.0799679 0.0811180 0.0815699 0.1196018 0.1219187 0.1207841 0.1332608 0.1116533 0.1236390 0.1261262 0.1207121 0.1206090 0.1207121 0.1151460 0.1182482 0.1165298 0.1175741 0.1189470 0.1189470 0.1219194 0.1184351 0.1175741 0.1201654 0.1188502 0.1196018 0.1272187 0.1237967 0.1254407 0.1172288 0.1215785 0.1221369 0.1227064 0.1258348 0.1161218 0.1189631 0.1258298 0.1193168 0.1166048 0.1192070 0.1248052 0.1239991 0.1234893 0.1248052 0.1275508 0.1206965 0.1262044 0.1201440 0.1215523 0.1206965 0.1219696 0.1204532 0.1163995 0.1179901 0.1285452 0.1248812 0.1243552 0.1258110 0.1180157 0.1254407 0.1191784 0.1237040 0.1190544 0.1196024 0.1241179 0.1170950 0.1208966 0.1227064 0.1262244 0.1248490 0.1206036 0.1223694 0.1215522 0.1215282 0.1458453 0.1496918 0.1502281 0.1471602 0.1488063 0.1203388 0.1176920 0.1208111 0.1175741 0.1197707 0.1166763 0.1259509 0.1266774 0.1159167 0.1261729 0.1162082 0.1213295 0.1213295 0.1213295 0.1213295 0.1280910 0.1280910 0.1191725 0.1188674 0.1196893 0.1162854 0.1221877 0.1179230 0.1227372 0.1245167 0.1175741 0.1152470 0.1175741 0.1231235 0.1216700 0.1175741 0.1157416 0.1166763 0.1207299 0.1221875 0.1221875 0.1259006 0.1391607 0.0000010 0.1288261 0.1312645 0.1254118 0.1192446 0.1218186 0.1271375 0.1221875 0.1269653 0.1287865 0.1269653 0.1235828 0.1221875 0.1269653 0.1278913 0.1202434 0.1171845 0.1190453 0.1176525 0.1176525 0.1221875 0.1247081 0.1221875 0.1277030 0.1297502 0.1391607 0.1391607 0.1264625 0.1175741 0.1157107 0.1260397 0.1288912 0.1265962 0.1239794 0.1065934 0.1324980 
JQ970480      0.0670160 0.0254418 0.0648830 0.0162664 0.0815332 0.0000000 0.0075771 0.0638273 0.0670160 0.0162664 0.0083583 0.0187444 0.0220771 0.0825633 0.0586628 0.0559750 0.0569820 0.0607451 0.1190886 0.1165080 0.1151977 0.1325945 0.1116719 0.1202224 0.1224138 0.1203548 0.1177278 0.1203548 0.1149151 0.1170072 0.1176343 0.1172895 0.1186314 0.1186314 0.1215344 0.1188524 0.1172895 0.1198224 0.1185351 0.1190886 0.1216160 0.1208209 0.1224146 0.1177188 0.1204413 0.1169392 0.1170670 0.1227641 0.1158704 0.1186472 0.1227923 0.1164877 0.1186699 0.1188850 0.1192804 0.1210243 0.1151454 0.1192804 0.1219231 0.1178256 0.1231619 0.1198015 0.1172899 0.1178256 0.1190619 0.1175830 0.1161409 0.1175157 0.1228948 0.1218781 0.1213723 0.1202625 0.1152438 0.1224146 0.1167727 0.1207429 0.1189247 0.1123567 0.1184206 0.1116960 0.1184290 0.1170670 0.1206445 0.1243942 0.1216468 0.1218294 0.1186542 0.1211539 0.1391623 0.1459340 0.1447394 0.1417826 0.1433657 0.1199914 0.1147264 0.1150709 0.1172895 0.1184816 0.1164120 0.1229253 0.1139083 0.1169250 0.1134102 0.1159542 0.1182514 0.1182514 0.1182514 0.1182514 0.1275610 0.1275610 0.1188512 0.1185538 0.1193553 0.1160295 0.1217975 0.1176310 0.1223334 0.1215360 0.1172895 0.1173208 0.1172895 0.1227108 0.1212923 0.1172895 0.1145744 0.1164120 0.1178574 0.1190804 0.1190804 0.1200622 0.1281989 0.0000010 0.1200725 0.1203705 0.1249476 0.1162216 0.1214341 0.1163363 0.1190804 0.1211062 0.1228281 0.1211062 0.1204300 0.1190804 0.1211062 0.1150406 0.1147065 0.1169093 0.1160364 0.1173660 0.1173660 0.1190804 0.1190025 0.1190804 0.1214820 0.1168016 0.1281989 0.1281989 0.1232499 0.1172895 0.1154685 0.1215678 0.1231915 0.1148712 0.1123989 0.1028078 0.1236333 
JX088694      0.0663907 0.0230511 0.0642526 0.0155488 0.0787376 0.0075771 0.0000000 0.0631943 0.0663907 0.0155488 0.0045323 0.0180295 0.0213674 0.0865621 0.0620943 0.0553298 0.0563391 0.0601141 0.1197211 0.1167573 0.1127645 0.1321827 0.1119025 0.1204897 0.1226911 0.1178940 0.1152816 0.1178940 0.1151589 0.1172575 0.1171640 0.1175418 0.1188889 0.1188889 0.1218042 0.1160566 0.1175418 0.1200843 0.1187937 0.1197211 0.1218848 0.1210880 0.1226880 0.1179753 0.1207057 0.1171899 0.1173187 0.1230418 0.1161166 0.1189048 0.1230671 0.1167369 0.1189290 0.1191440 0.1195406 0.1212915 0.1153895 0.1195406 0.1221937 0.1180799 0.1234376 0.1200633 0.1175429 0.1180799 0.1193209 0.1178370 0.1163891 0.1177706 0.1231686 0.1221488 0.1216406 0.1205259 0.1154867 0.1226880 0.1170221 0.1210086 0.1191829 0.1125909 0.1186776 0.1119267 0.1186859 0.1173187 0.1209102 0.1246762 0.1219163 0.1221023 0.1189119 0.1214211 0.1358849 0.1455867 0.1443874 0.1414164 0.1430068 0.1202543 0.1149691 0.1153145 0.1175418 0.1187395 0.1166608 0.1231993 0.1159837 0.1156496 0.1154830 0.1162014 0.1185072 0.1185072 0.1185072 0.1185072 0.1278547 0.1278547 0.1191101 0.1188109 0.1196169 0.1162771 0.1220677 0.1178843 0.1226063 0.1218043 0.1175418 0.1175746 0.1175418 0.1229851 0.1215601 0.1175418 0.1148162 0.1166608 0.1181119 0.1166384 0.1166384 0.1203289 0.1284997 0.0000010 0.1203401 0.1206382 0.1252295 0.1164706 0.1217049 0.1165853 0.1166384 0.1213761 0.1231060 0.1213761 0.1179799 0.1166384 0.1213761 0.1171311 0.1149490 0.1171596 0.1162840 0.1176188 0.1176188 0.1166384 0.1192611 0.1166384 0.1244960 0.1189115 0.1284997 0.1284997 0.1238955 0.1175418 0.1157131 0.1218343 0.1234656 0.1151162 0.1126349 0.1030110 0.1222973 
KJ466147      0.0022426 0.0651006 0.0007441 0.0540831 0.0172751 0.0638273 0.0631943 0.0000000 0.0022426 0.0540831 0.0650267 0.0572066 0.0612541 0.0865729 0.0636307 0.0619566 0.0630065 0.0635402 0.1020056 0.1065656 0.1054047 0.1141630 0.0993511 0.1053532 0.1075512 0.1053462 0.1052608 0.1053462 0.1025777 0.1007648 0.0989748 0.1024706 0.1037527 0.1037527 0.1089468 0.1031955 0.1024706 0.1049086 0.1035812 0.1020056 0.1115491 0.1082541 0.1097921 0.1021208 0.1062513 0.1041444 0.1072675 0.1099961 0.1011454 0.1037680 0.1101587 0.1041163 0.1015934 0.1039718 0.1092523 0.1084848 0.1080136 0.1092523 0.1118257 0.1054055 0.1105444 0.1048903 0.1061672 0.1054055 0.1066062 0.1051461 0.1013545 0.1028870 0.1127982 0.1092994 0.1088302 0.1102336 0.1004538 0.1097921 0.1014484 0.1082240 0.1039004 0.1026671 0.1085836 0.1020662 0.1029734 0.1072675 0.1105771 0.1091922 0.1053472 0.1069346 0.1062030 0.1061830 0.1313223 0.1354919 0.1351023 0.1293271 0.1337478 0.1050512 0.1025694 0.1055006 0.1024706 0.1044743 0.1016385 0.1103516 0.1066451 0.0984159 0.1061516 0.1011950 0.1059951 0.1059951 0.1059951 0.1059951 0.1122869 0.1122869 0.1039395 0.1036874 0.1043782 0.1012582 0.1067731 0.1028156 0.1072560 0.1090133 0.1024706 0.1003241 0.1024706 0.1076197 0.1063123 0.1024706 0.0994566 0.1016385 0.1054338 0.1067877 0.1067877 0.1100612 0.1200411 0.0000010 0.1100814 0.1123946 0.1098414 0.1039857 0.1063172 0.1090918 0.1067877 0.1111148 0.1127521 0.1111148 0.1080913 0.1067877 0.1111148 0.1077396 0.1049734 0.1021395 0.1038348 0.1025349 0.1025349 0.1067877 0.1091720 0.1067877 0.1117759 0.1094547 0.1200411 0.1200411 0.1083748 0.1024706 0.1007729 0.1105327 0.1134720 0.1098559 0.1074001 0.0919623 0.1133726 
KU946961      0.0000010 0.0661647 0.0014915 0.0571354 0.0181044 0.0670160 0.0663907 0.0022426 0.0000000 0.0571354 0.0682429 0.0603100 0.0644137 0.0877684 0.0646943 0.0630065 0.0640618 0.0645908 0.1032824 0.1052623 0.1067071 0.1155223 0.1006117 0.1066612 0.1088780 0.1066475 0.1065607 0.1066475 0.1038614 0.1020345 0.1002378 0.1037527 0.1050413 0.1050413 0.1102634 0.1044882 0.1037527 0.1062015 0.1048762 0.1032824 0.1128711 0.1095680 0.1111136 0.1034039 0.1075491 0.1054344 0.1085733 0.1113330 0.1024183 0.1050568 0.1114819 0.1054055 0.1028690 0.1052636 0.1079344 0.1097958 0.1093224 0.1079344 0.1104954 0.1067011 0.1118662 0.1061830 0.1074694 0.1067011 0.1079069 0.1064430 0.1026325 0.1041692 0.1141255 0.1106157 0.1101421 0.1115491 0.1017163 0.1111136 0.1027220 0.1095333 0.1051859 0.1039521 0.1098962 0.1033425 0.1042592 0.1085733 0.1092523 0.1105141 0.1040516 0.1082408 0.1075026 0.1074822 0.1356785 0.1399595 0.1394997 0.1336413 0.1381288 0.1063466 0.1038530 0.1067978 0.1037527 0.1057708 0.1029161 0.1116688 0.1083229 0.0996749 0.1078283 0.1024706 0.1072934 0.1072934 0.1072934 0.1072934 0.1136192 0.1136192 0.1052312 0.1049749 0.1056759 0.1025349 0.1080776 0.1040981 0.1085658 0.1103237 0.1037527 0.1015934 0.1037527 0.1089312 0.1076124 0.1037527 0.1007258 0.1029161 0.1041345 0.1080913 0.1080913 0.1113978 0.1214272 0.0000010 0.1114185 0.1137390 0.1111563 0.1052792 0.1076289 0.1104073 0.1080913 0.1124518 0.1141025 0.1124518 0.1094014 0.1080913 0.1124518 0.1094254 0.1062674 0.1034171 0.1051248 0.1038181 0.1038181 0.1080913 0.1104849 0.1080913 0.1157836 0.1111500 0.1214272 0.1214272 0.1096828 0.1037527 0.1020427 0.1118424 0.1148021 0.1111845 0.1087180 0.0932125 0.1147334 
KX148264      0.0571354 0.0204612 0.0550940 0.0014879 0.0713469 0.0162664 0.0155488 0.0540831 0.0571354 0.0000000 0.0171049 0.0083443 0.0114847 0.0739946 0.0512051 0.0478997 0.0488636 0.0506157 0.1148297 0.1143875 0.1106078 0.1224570 0.1096022 0.1155092 0.1176429 0.1156816 0.1130985 0.1156816 0.1103454 0.1111111 0.1081065 0.1126876 0.1140059 0.1140059 0.1193580 0.1134883 0.1126876 0.1151815 0.1138865 0.1148297 0.1169475 0.1161425 0.1177092 0.1130646 0.1157871 0.1098963 0.1124646 0.1180027 0.1113036 0.1140214 0.1180813 0.1118998 0.1140195 0.1142477 0.1146400 0.1163545 0.1105813 0.1146400 0.1172390 0.1132143 0.1184549 0.1151615 0.1126765 0.1132143 0.1144324 0.1129659 0.1115533 0.1128790 0.1182068 0.1171909 0.1167005 0.1156175 0.1082794 0.1177092 0.1097498 0.1160836 0.1143029 0.1078294 0.1137938 0.1071999 0.1113380 0.1124646 0.1159800 0.1171202 0.1169682 0.1171017 0.1140275 0.1164901 0.1313336 0.1380850 0.1423115 0.1393863 0.1409509 0.1153416 0.1101665 0.1105108 0.1126876 0.1138409 0.1118282 0.1182362 0.1113125 0.1086641 0.1108162 0.1113758 0.1136381 0.1136381 0.1136381 0.1136381 0.1227773 0.1227773 0.1142145 0.1139324 0.1146961 0.1114470 0.1171146 0.1130297 0.1176323 0.1168716 0.1126876 0.1126941 0.1126876 0.1180041 0.1166247 0.1126876 0.1075864 0.1118282 0.1132447 0.1144504 0.1144504 0.1178782 0.1285380 0.0000010 0.1178815 0.1207298 0.1177188 0.1116250 0.1167229 0.1168841 0.1144504 0.1189201 0.1206158 0.1189201 0.1157763 0.1144504 0.1189201 0.1124301 0.1101474 0.1123243 0.1114539 0.1127600 0.1127600 0.1144504 0.1168604 0.1144504 0.1195068 0.1141729 0.1285380 0.1285380 0.1189118 0.1126876 0.1109118 0.1194183 0.1264758 0.1127497 0.1102989 0.0995678 0.1200908 
KY451767      0.0682429 0.0246464 0.0660915 0.0171049 0.0806916 0.0083583 0.0045323 0.0650267 0.0682429 0.0171049 0.0000000 0.0195998 0.0229544 0.0885591 0.0639101 0.0570985 0.0581137 0.0619013 0.1210289 0.1180535 0.1140484 0.1316355 0.1131731 0.1218212 0.1240385 0.1192004 0.1165762 0.1192004 0.1164500 0.1185513 0.1166704 0.1188418 0.1201953 0.1201953 0.1231285 0.1196974 0.1188418 0.1213948 0.1201068 0.1210289 0.1232027 0.1224090 0.1240163 0.1192902 0.1220198 0.1184867 0.1186190 0.1243861 0.1174067 0.1202112 0.1243969 0.1180329 0.1202424 0.1204537 0.1208510 0.1226102 0.1166789 0.1208510 0.1235160 0.1193823 0.1247661 0.1213736 0.1188463 0.1193823 0.1206282 0.1191412 0.1176852 0.1190804 0.1244917 0.1234720 0.1229597 0.1218374 0.1167683 0.1240163 0.1183151 0.1223239 0.1204880 0.1138704 0.1199846 0.1131974 0.1199919 0.1186190 0.1222272 0.1260171 0.1232371 0.1234372 0.1202186 0.1227379 0.1345294 0.1440806 0.1429032 0.1399746 0.1415414 0.1215674 0.1162575 0.1166028 0.1188418 0.1200502 0.1179556 0.1245227 0.1193009 0.1172049 0.1188000 0.1174948 0.1198102 0.1198102 0.1198102 0.1198102 0.1292039 0.1292039 0.1204196 0.1201161 0.1209328 0.1175718 0.1233898 0.1191839 0.1239334 0.1231210 0.1188418 0.1188816 0.1188418 0.1243137 0.1228780 0.1188418 0.1161024 0.1179556 0.1194147 0.1179329 0.1179329 0.1216598 0.1298720 0.0000010 0.1212518 0.1219694 0.1265617 0.1177693 0.1230353 0.1178828 0.1179329 0.1227067 0.1244505 0.1227067 0.1192808 0.1179329 0.1227067 0.1204647 0.1162372 0.1184548 0.1175786 0.1189199 0.1189199 0.1179329 0.1205674 0.1179329 0.1258251 0.1222634 0.1298720 0.1298720 0.1252239 0.1188418 0.1170004 0.1231417 0.1275544 0.1164152 0.1139235 0.1042641 0.1239527 
MG201919      0.0603100 0.0230133 0.0582343 0.0083443 0.0725493 0.0187444 0.0180295 0.0572066 0.0603100 0.0083443 0.0195998 0.0000000 0.0060346 0.0795191 0.0561111 0.0527127 0.0536995 0.0554729 0.1215483 0.1210996 0.1147641 0.1321356 0.1161842 0.1197806 0.1219678 0.1199169 0.1172923 0.1199169 0.1169801 0.1177055 0.1147004 0.1193665 0.1207174 0.1207174 0.1262118 0.1202233 0.1193665 0.1219138 0.1206318 0.1215483 0.1237171 0.1201915 0.1245313 0.1170949 0.1225375 0.1190115 0.1191447 0.1249057 0.1179327 0.1207332 0.1249108 0.1158735 0.1180459 0.1209761 0.1186573 0.1231274 0.1145352 0.1186573 0.1212920 0.1172074 0.1225266 0.1218925 0.1193724 0.1172074 0.1211489 0.1169641 0.1182127 0.1168943 0.1250027 0.1239874 0.1234755 0.1223548 0.1172934 0.1245313 0.1188390 0.1228410 0.1210084 0.1144048 0.1205077 0.1137304 0.1205146 0.1191447 0.1200171 0.1265284 0.1237525 0.1211924 0.1207407 0.1232538 0.1329595 0.1424813 0.1410741 0.1381561 0.1397160 0.1220866 0.1167871 0.1144613 0.1193665 0.1205745 0.1157984 0.1250337 0.1181002 0.1177315 0.1211293 0.1180220 0.1203325 0.1203325 0.1203325 0.1203325 0.1297038 0.1297038 0.1182289 0.1206380 0.1214557 0.1180991 0.1239050 0.1197071 0.1244483 0.1236352 0.1193665 0.1167009 0.1193665 0.1248275 0.1233937 0.1193665 0.1166317 0.1157984 0.1172390 0.1184589 0.1184589 0.1219888 0.1330247 0.0000010 0.1222027 0.1250759 0.1270671 0.1182977 0.1235553 0.1198699 0.1184589 0.1230299 0.1247672 0.1230299 0.1198042 0.1184589 0.1230299 0.1227961 0.1167668 0.1189790 0.1181059 0.1194448 0.1194448 0.1184589 0.1208963 0.1184589 0.1235803 0.1245974 0.1330247 0.1330247 0.1283045 0.1193665 0.1175269 0.1224021 0.1308434 0.1144366 0.1144615 0.1023756 0.1244784 
MG201921      0.0644137 0.0264390 0.0623003 0.0114847 0.0791834 0.0220771 0.0213674 0.0612541 0.0644137 0.0114847 0.0229544 0.0060346 0.0000000 0.0817716 0.0581095 0.0546733 0.0556695 0.0574514 0.1196775 0.1192316 0.1156056 0.1305093 0.1143615 0.1165576 0.1187092 0.1207629 0.1181358 0.1207629 0.1178202 0.1185391 0.1128776 0.1202075 0.1215600 0.1215600 0.1270621 0.1210698 0.1202075 0.1227567 0.1214789 0.1196775 0.1218284 0.1196820 0.1226263 0.1169883 0.1206563 0.1171609 0.1199864 0.1229773 0.1187702 0.1215758 0.1230032 0.1140482 0.1161921 0.1218203 0.1168066 0.1239732 0.1127216 0.1168066 0.1194198 0.1153706 0.1206434 0.1227354 0.1202157 0.1153706 0.1192796 0.1178042 0.1190535 0.1150479 0.1231043 0.1220905 0.1229913 0.1231975 0.1154674 0.1226263 0.1169942 0.1209573 0.1191424 0.1152424 0.1213511 0.1145636 0.1186483 0.1199864 0.1181546 0.1246021 0.1245984 0.1193029 0.1215834 0.1240981 0.1300548 0.1394555 0.1380742 0.1351852 0.1367277 0.1229308 0.1176258 0.1152961 0.1202075 0.1214201 0.1166348 0.1258789 0.1191921 0.1158935 0.1222278 0.1188615 0.1211737 0.1211737 0.1211737 0.1211737 0.1305567 0.1305567 0.1190699 0.1214800 0.1223030 0.1189393 0.1247515 0.1205472 0.1252969 0.1244788 0.1202075 0.1175433 0.1202075 0.1256764 0.1256641 0.1202075 0.1174693 0.1166348 0.1180776 0.1192981 0.1192981 0.1228429 0.1310277 0.0000010 0.1202919 0.1231505 0.1279141 0.1191401 0.1244079 0.1180826 0.1192981 0.1238817 0.1256245 0.1238817 0.1206450 0.1192981 0.1238817 0.1238964 0.1176054 0.1198177 0.1189460 0.1202864 0.1202864 0.1192981 0.1217366 0.1192981 0.1244236 0.1275737 0.1310277 0.1310277 0.1263782 0.1202075 0.1183634 0.1219704 0.1316926 0.1126064 0.1126310 0.1032142 0.1199477 
FJ712195      0.0877684 0.0870724 0.0853760 0.0761288 0.1073760 0.0825633 0.0865621 0.0865729 0.0877684 0.0739946 0.0885591 0.0795191 0.0817716 0.0000000 0.0244810 0.0413821 0.0423380 0.0459887 0.1299389 0.1271804 0.1287256 0.1409623 0.1212648 0.1253855 0.1305882 0.1315529 0.1287488 0.1315529 0.1257132 0.1207983 0.1212269 0.1282285 0.1267878 0.1267878 0.1355205 0.1291888 0.1282285 0.1309232 0.1296232 0.1299389 0.1355293 0.1314462 0.1317789 0.1275708 0.1301323 0.1276300 0.1280047 0.1322547 0.1266828 0.1296802 0.1341426 0.1300320 0.1295464 0.1299535 0.1328290 0.1322318 0.1257249 0.1328290 0.1356628 0.1285847 0.1315880 0.1308997 0.1282611 0.1285847 0.1272352 0.1285676 0.1270150 0.1283308 0.1368980 0.1331470 0.1325916 0.1340711 0.1257593 0.1317789 0.1274247 0.1290144 0.1299520 0.1229839 0.1294539 0.1222288 0.1292373 0.1280047 0.1342969 0.1355208 0.1328867 0.1329748 0.1296898 0.1323461 0.1681286 0.1760187 0.1778690 0.1712479 0.1763475 0.1282285 0.1254952 0.1256387 0.1282285 0.1295460 0.1299418 0.1354685 0.1223327 0.1262649 0.1220857 0.1268005 0.1292447 0.1292447 0.1292447 0.1292447 0.1372156 0.1372156 0.1299171 0.1295736 0.1304914 0.1268880 0.1330536 0.1285746 0.1316867 0.1354341 0.1282285 0.1281066 0.1282285 0.1340482 0.1324988 0.1282285 0.1279660 0.1299418 0.1312905 0.1299156 0.1299156 0.1311371 0.1449385 0.0000010 0.1289240 0.1365024 0.1363794 0.1271223 0.1293794 0.1325803 0.1299156 0.1349180 0.1368333 0.1349180 0.1313553 0.1299156 0.1349180 0.1237770 0.1281236 0.1277958 0.1268948 0.1283173 0.1283173 0.1299156 0.1325006 0.1299156 0.1383192 0.1256052 0.1449385 0.1449385 0.1371027 0.1282285 0.1262476 0.1324655 0.1420758 0.1278726 0.1265653 0.1164180 0.1387745 
FJ712196      0.0646943 0.0669003 0.0625672 0.0531169 0.0842352 0.0586628 0.0620943 0.0636307 0.0646943 0.0512051 0.0639101 0.0561111 0.0581095 0.0244810 0.0000000 0.0198885 0.0207329 0.0240514 0.1183859 0.1183120 0.1197276 0.1285640 0.1126789 0.1173743 0.1195505 0.1224171 0.1197487 0.1224171 0.1168859 0.1122474 0.1101476 0.1192944 0.1206580 0.1206580 0.1262047 0.1201589 0.1192944 0.1218656 0.1205713 0.1183859 0.1262640 0.1223173 0.1226549 0.1185903 0.1224953 0.1162245 0.1190705 0.1230098 0.1178477 0.1206739 0.1224842 0.1182912 0.1205138 0.1209190 0.1236861 0.1230906 0.1169300 0.1236861 0.1263835 0.1196477 0.1224842 0.1218442 0.1193002 0.1196477 0.1210935 0.1195971 0.1181299 0.1193461 0.1275701 0.1239589 0.1234422 0.1248784 0.1145226 0.1226549 0.1160586 0.1228016 0.1209518 0.1142871 0.1204462 0.1136072 0.1177223 0.1190705 0.1250802 0.1265244 0.1237217 0.1237264 0.1232424 0.1232183 0.1469655 0.1559564 0.1558290 0.1497139 0.1544097 0.1220401 0.1166913 0.1168534 0.1192944 0.1205135 0.1182134 0.1262107 0.1200759 0.1149478 0.1198254 0.1179376 0.1202695 0.1202695 0.1202695 0.1202695 0.1278426 0.1278426 0.1208846 0.1205779 0.1214030 0.1180153 0.1238757 0.1196383 0.1225729 0.1261791 0.1192944 0.1191458 0.1192944 0.1224024 0.1233596 0.1192944 0.1165346 0.1182134 0.1222295 0.1209188 0.1209188 0.1245419 0.1332879 0.0000010 0.1179946 0.1278935 0.1270684 0.1182155 0.1235224 0.1169634 0.1209188 0.1255907 0.1273690 0.1255907 0.1222871 0.1209188 0.1255907 0.1214859 0.1192015 0.1189036 0.1180222 0.1193734 0.1193734 0.1209188 0.1233929 0.1209188 0.1289223 0.1232799 0.1332879 0.1332879 0.1277426 0.1192944 0.1174382 0.1183667 0.1272951 0.1170885 0.1158367 0.1070726 0.1273208 
GU647092      0.0630065 0.0612750 0.0609070 0.0497774 0.0799679 0.0559750 0.0553298 0.0619566 0.0630065 0.0478997 0.0570985 0.0527127 0.0546733 0.0413821 0.0198885 0.0000000 0.0007439 0.0115108 0.1209713 0.1207134 0.1219535 0.1319945 0.1155971 0.1196126 0.1190296 0.1220777 0.1194231 0.1220777 0.1165756 0.1144391 0.1093930 0.1189725 0.1203290 0.1203290 0.1258458 0.1198308 0.1189725 0.1215308 0.1202410 0.1209713 0.1233421 0.1219784 0.1223150 0.1182691 0.1221571 0.1163351 0.1187494 0.1226645 0.1175339 0.1203449 0.1245391 0.1179749 0.1201844 0.1205882 0.1207932 0.1227488 0.1166206 0.1207932 0.1234578 0.1193245 0.1221457 0.1215096 0.1189774 0.1193245 0.1207627 0.1192730 0.1178135 0.1190222 0.1246333 0.1236123 0.1230988 0.1219741 0.1146413 0.1223150 0.1161698 0.1224618 0.1206220 0.1113270 0.1201180 0.1133143 0.1178253 0.1187494 0.1221693 0.1261625 0.1233768 0.1233785 0.1203524 0.1228765 0.1425127 0.1541013 0.1539889 0.1479314 0.1525817 0.1217039 0.1163824 0.1165445 0.1189725 0.1201841 0.1178977 0.1232908 0.1222081 0.1150649 0.1219625 0.1176226 0.1199430 0.1199430 0.1199430 0.1199430 0.1274759 0.1274759 0.1205540 0.1202496 0.1210687 0.1176998 0.1235298 0.1193152 0.1222337 0.1232601 0.1189725 0.1188234 0.1189725 0.1244556 0.1230169 0.1189725 0.1166436 0.1178977 0.1193569 0.1205893 0.1205893 0.1241889 0.1302322 0.0000010 0.1176749 0.1249193 0.1267067 0.1178981 0.1231758 0.1180116 0.1205893 0.1252335 0.1270006 0.1252335 0.1219504 0.1205893 0.1252335 0.1236406 0.1188803 0.1185844 0.1202353 0.1190509 0.1190509 0.1205893 0.1230511 0.1205893 0.1285509 0.1254542 0.1302322 0.1302322 0.1277421 0.1189725 0.1171266 0.1205605 0.1277006 0.1092763 0.1080559 0.1018129 0.1243186 
JQ946087      0.0640618 0.0623105 0.0619515 0.0507496 0.0811180 0.0569820 0.0563391 0.0630065 0.0640618 0.0488636 0.0581137 0.0536995 0.0556695 0.0423380 0.0207329 0.0007439 0.0000000 0.0123077 0.1223329 0.1220763 0.1233285 0.1334308 0.1169312 0.1209879 0.1204071 0.1234545 0.1207878 0.1234545 0.1179233 0.1157694 0.1107059 0.1203290 0.1216921 0.1216921 0.1272376 0.1211988 0.1203290 0.1228980 0.1216110 0.1223329 0.1247165 0.1233547 0.1236896 0.1196346 0.1235277 0.1176749 0.1201064 0.1240555 0.1188802 0.1217080 0.1259257 0.1193245 0.1215519 0.1219547 0.1221574 0.1241243 0.1179636 0.1221574 0.1248339 0.1206806 0.1235178 0.1228765 0.1203376 0.1206806 0.1221265 0.1206339 0.1191662 0.1203861 0.1260130 0.1249924 0.1244746 0.1233421 0.1159658 0.1236896 0.1175057 0.1238337 0.1219836 0.1126496 0.1214818 0.1146409 0.1191745 0.1201064 0.1235401 0.1275607 0.1247543 0.1247679 0.1217157 0.1242499 0.1439780 0.1556362 0.1555119 0.1494281 0.1540996 0.1230737 0.1177272 0.1178863 0.1203290 0.1215516 0.1192461 0.1246644 0.1239885 0.1163974 0.1237480 0.1189725 0.1213026 0.1213026 0.1213026 0.1213026 0.1288713 0.1288713 0.1219203 0.1216114 0.1224416 0.1190509 0.1249087 0.1206712 0.1236070 0.1246333 0.1203290 0.1201844 0.1203290 0.1258410 0.1243915 0.1203290 0.1179860 0.1192461 0.1207134 0.1219504 0.1219504 0.1255851 0.1316595 0.0000010 0.1190441 0.1263160 0.1280954 0.1192536 0.1217828 0.1193657 0.1219504 0.1266290 0.1284103 0.1266290 0.1233181 0.1219504 0.1266290 0.1254352 0.1202353 0.1199359 0.1188688 0.1204086 0.1204086 0.1219504 0.1244213 0.1219504 0.1299467 0.1272591 0.1316595 0.1316595 0.1291348 0.1203290 0.1184702 0.1219111 0.1290906 0.1105970 0.1093712 0.1031097 0.1257292 
KF726852      0.0645908 0.0641332 0.0624897 0.0525089 0.0815699 0.0607451 0.0601141 0.0635402 0.0645908 0.0506157 0.0619013 0.0554729 0.0574514 0.0459887 0.0240514 0.0115108 0.0123077 0.0000000 0.1220438 0.1217890 0.1230289 0.1328372 0.1166892 0.1236647 0.1258889 0.1231534 0.1205100 0.1231534 0.1176711 0.1155371 0.1127326 0.1200565 0.1214076 0.1214076 0.1269038 0.1209171 0.1200565 0.1226033 0.1213258 0.1220438 0.1244063 0.1230546 0.1233872 0.1200888 0.1232275 0.1197008 0.1198354 0.1237467 0.1186209 0.1214235 0.1256033 0.1190611 0.1219867 0.1216675 0.1218691 0.1238184 0.1177120 0.1218691 0.1245224 0.1204054 0.1232173 0.1225821 0.1200642 0.1204054 0.1218385 0.1203581 0.1189034 0.1208319 0.1256915 0.1246787 0.1241659 0.1230438 0.1179785 0.1233872 0.1195265 0.1235308 0.1216972 0.1150956 0.1211988 0.1144180 0.1212052 0.1198354 0.1232397 0.1272228 0.1244430 0.1251757 0.1214310 0.1239435 0.1430776 0.1546109 0.1544953 0.1484710 0.1530963 0.1227771 0.1174771 0.1176355 0.1200565 0.1212673 0.1189835 0.1243547 0.1218618 0.1184199 0.1216177 0.1187118 0.1210219 0.1210219 0.1210219 0.1210219 0.1285240 0.1285240 0.1216334 0.1213278 0.1221493 0.1187893 0.1245959 0.1203961 0.1233055 0.1243240 0.1200565 0.1206314 0.1200565 0.1255196 0.1240837 0.1200565 0.1200135 0.1189835 0.1204379 0.1216644 0.1216644 0.1252631 0.1355934 0.0000010 0.1229153 0.1302071 0.1277557 0.1159530 0.1242514 0.1218169 0.1216644 0.1262990 0.1280631 0.1262990 0.1230201 0.1216644 0.1262990 0.1232773 0.1199638 0.1184252 0.1213135 0.1201352 0.1201352 0.1216644 0.1241143 0.1216644 0.1295911 0.1250708 0.1355934 0.1355934 0.1287862 0.1200565 0.1182146 0.1229845 0.1315305 0.1143962 0.1131646 0.1055930 0.1296635 
AB573762      0.1032824 0.1262654 0.1007260 0.1123602 0.1196018 0.1190886 0.1197211 0.1020056 0.1032824 0.1148297 0.1210289 0.1215483 0.1196775 0.1299389 0.1183859 0.1209713 0.1223329 0.1220438 0.0000000 0.0170960 0.0139517 0.0472642 0.0106771 0.0366773 0.0402390 0.0139476 0.0123435 0.0139476 0.0139401 0.0099183 0.0350118 0.0162824 0.0170988 0.0170988 0.0203912 0.0187590 0.0162824 0.0179052 0.0171153 0.0000010 0.0187112 0.0179314 0.0155421 0.0171850 0.0179238 0.0341519 0.0180307 0.0157129 0.0155018 0.0154880 0.0179112 0.0170934 0.0187328 0.0155109 0.0187298 0.0171948 0.0179133 0.0187298 0.0203819 0.0162763 0.0195445 0.0146746 0.0155872 0.0162763 0.0187254 0.0139508 0.0162953 0.0179294 0.0195300 0.0170980 0.0179100 0.0178887 0.0325397 0.0155421 0.0323470 0.0187368 0.0170715 0.0163708 0.0172053 0.0138656 0.0332761 0.0180307 0.0195585 0.0204094 0.0195622 0.0204234 0.0203888 0.0170988 0.1642219 0.1714643 0.1672068 0.1640525 0.1686313 0.0162984 0.0155324 0.0179064 0.0146746 0.0171226 0.0170869 0.0195356 0.0137690 0.0323834 0.0117602 0.0154851 0.0155604 0.0155604 0.0155604 0.0155604 0.0187964 0.0187964 0.0147555 0.0138764 0.0155646 0.0154758 0.0170914 0.0178941 0.0155362 0.0187039 0.0146746 0.0179092 0.0146746 0.0179044 0.0179031 0.0146746 0.0306925 0.0170869 0.0178995 0.0187285 0.0187285 0.0248471 0.0417974 0.0000010 0.0345903 0.0344792 0.0195410 0.0163534 0.0181710 0.0334181 0.0187285 0.0230088 0.0238844 0.0230088 0.0195558 0.0187285 0.0230088 0.0127730 0.0155301 0.0122822 0.0147319 0.0162886 0.0162886 0.0187285 0.0203600 0.0187285 0.0253961 0.0147991 0.0417974 0.0417974 0.0075751 0.0146746 0.0114784 0.0315673 0.0363909 0.0383109 0.0365087 0.0149053 0.0366755 
AB573763      0.1052623 0.1230624 0.1052623 0.1119192 0.1219187 0.1165080 0.1167573 0.1065656 0.1052623 0.1143875 0.1180535 0.1210996 0.1192316 0.1271804 0.1183120 0.1207134 0.1220763 0.1217890 0.0170960 0.0000000 0.0172054 0.0442674 0.0154627 0.0367221 0.0402882 0.0155760 0.0139568 0.0155760 0.0155674 0.0162903 0.0333279 0.0179237 0.0187481 0.0187481 0.0204155 0.0204261 0.0179237 0.0179264 0.0187666 0.0170960 0.0091262 0.0091472 0.0076175 0.0099330 0.0083616 0.0324358 0.0196985 0.0076996 0.0171387 0.0171234 0.0083556 0.0075793 0.0091359 0.0171488 0.0075761 0.0172153 0.0083568 0.0075761 0.0091315 0.0068049 0.0099128 0.0163017 0.0172331 0.0068049 0.0091327 0.0155795 0.0179379 0.0083638 0.0099064 0.0075808 0.0083550 0.0099107 0.0308279 0.0076175 0.0306446 0.0091379 0.0106998 0.0180207 0.0188650 0.0154839 0.0315653 0.0196985 0.0083538 0.0204131 0.0212349 0.0107239 0.0203925 0.0203896 0.1580557 0.1679971 0.1581234 0.1550366 0.1595242 0.0179415 0.0171720 0.0099200 0.0163017 0.0091532 0.0091354 0.0114887 0.0097454 0.0306789 0.0179390 0.0154883 0.0172032 0.0172032 0.0172032 0.0172032 0.0123417 0.0123417 0.0163914 0.0154965 0.0172082 0.0171099 0.0091373 0.0099135 0.0091814 0.0106943 0.0163017 0.0099212 0.0163017 0.0099186 0.0099179 0.0163017 0.0272498 0.0091354 0.0083509 0.0107077 0.0107077 0.0148642 0.0407823 0.0000010 0.0354002 0.0335091 0.0212118 0.0180017 0.0198484 0.0325609 0.0107077 0.0131662 0.0139864 0.0131662 0.0114997 0.0107077 0.0131662 0.0189846 0.0171694 0.0138873 0.0179928 0.0179306 0.0179306 0.0107077 0.0107037 0.0107077 0.0171099 0.0107533 0.0407823 0.0407823 0.0204128 0.0163017 0.0130744 0.0281102 0.0337169 0.0391297 0.0373242 0.0141090 0.0374945 
EU086200      0.1067071 0.1201379 0.1040991 0.1081534 0.1207841 0.1151977 0.1127645 0.1054047 0.1067071 0.1106078 0.1140484 0.1147641 0.1156056 0.1287256 0.1197276 0.1219535 0.1233285 0.1230289 0.0139517 0.0172054 0.0000000 0.0457324 0.0107549 0.0380633 0.0416878 0.0045035 0.0029897 0.0045035 0.0124224 0.0115503 0.0352822 0.0147683 0.0155830 0.0155830 0.0188696 0.0188796 0.0147683 0.0163890 0.0155978 0.0139517 0.0171950 0.0180465 0.0156571 0.0180478 0.0164062 0.0326459 0.0165044 0.0158305 0.0139862 0.0139738 0.0163946 0.0172028 0.0188530 0.0139944 0.0188500 0.0156711 0.0163804 0.0188500 0.0205131 0.0163804 0.0180261 0.0147683 0.0140638 0.0163804 0.0172080 0.0124318 0.0147800 0.0180444 0.0180129 0.0155823 0.0163934 0.0163741 0.0310276 0.0156571 0.0308427 0.0172185 0.0171976 0.0148491 0.0156806 0.0123557 0.0317694 0.0165044 0.0196842 0.0188862 0.0180422 0.0205551 0.0188676 0.0172083 0.1630703 0.1703428 0.1660667 0.1628925 0.1675011 0.0147827 0.0140145 0.0163741 0.0131624 0.0156047 0.0171962 0.0180181 0.0169881 0.0308776 0.0128810 0.0139711 0.0140397 0.0140397 0.0140397 0.0140397 0.0189364 0.0189364 0.0132355 0.0139648 0.0140432 0.0139627 0.0155764 0.0163790 0.0156512 0.0171884 0.0131624 0.0180239 0.0131624 0.0163883 0.0163871 0.0131624 0.0274239 0.0171962 0.0180141 0.0171938 0.0171938 0.0232803 0.0421291 0.0000010 0.0348609 0.0347479 0.0180227 0.0148332 0.0166364 0.0327727 0.0171938 0.0214549 0.0223260 0.0214549 0.0180186 0.0171938 0.0214549 0.0139078 0.0140124 0.0107736 0.0132144 0.0147739 0.0147739 0.0171938 0.0188225 0.0171938 0.0238452 0.0159609 0.0421291 0.0421291 0.0188676 0.0131624 0.0099725 0.0300270 0.0348350 0.0349307 0.0349418 0.0117511 0.0388036 
EU086201      0.1155223 0.1371021 0.1127995 0.1224570 0.1332608 0.1325945 0.1321827 0.1141630 0.1155223 0.1224570 0.1316355 0.1321356 0.1305093 0.1409623 0.1285640 0.1319945 0.1334308 0.1328372 0.0472642 0.0442674 0.0457324 0.0000000 0.0396901 0.0556528 0.0596640 0.0457145 0.0437865 0.0457145 0.0399309 0.0482777 0.0279573 0.0456318 0.0466110 0.0466110 0.0497544 0.0498444 0.0456318 0.0475497 0.0461782 0.0472642 0.0480768 0.0472406 0.0464419 0.0464666 0.0452562 0.0150981 0.0467200 0.0470044 0.0447610 0.0447167 0.0471790 0.0462006 0.0481498 0.0447909 0.0481342 0.0457595 0.0471765 0.0481342 0.0500894 0.0452262 0.0471790 0.0456318 0.0448314 0.0452262 0.0442773 0.0438188 0.0456708 0.0472306 0.0490369 0.0462246 0.0452779 0.0470980 0.0135217 0.0464419 0.0134412 0.0454096 0.0442433 0.0447605 0.0457378 0.0416528 0.0142775 0.0467200 0.0491233 0.0506197 0.0475647 0.0502322 0.0485375 0.0485298 0.1678165 0.1720237 0.1676653 0.1644404 0.1691216 0.0456861 0.0437202 0.0471541 0.0437360 0.0443575 0.0461788 0.0490503 0.0475856 0.0126403 0.0457539 0.0427702 0.0437599 0.0437599 0.0437599 0.0437599 0.0502866 0.0502866 0.0447706 0.0446857 0.0449514 0.0446785 0.0462028 0.0432923 0.0464199 0.0480538 0.0437360 0.0471690 0.0437360 0.0471566 0.0452566 0.0437360 0.0151347 0.0461788 0.0471317 0.0481304 0.0481304 0.0537211 0.0609471 0.0000010 0.0550393 0.0568302 0.0494865 0.0447167 0.0481913 0.0437576 0.0481304 0.0514029 0.0524879 0.0514029 0.0491155 0.0481304 0.0514029 0.0469710 0.0456075 0.0416738 0.0465861 0.0437051 0.0437051 0.0481304 0.0481075 0.0481304 0.0520035 0.0464359 0.0609471 0.0609471 0.0512564 0.0437360 0.0406863 0.0465688 0.0484708 0.0550658 0.0530883 0.0385982 0.0585210 
EU086202      0.1006117 0.1208116 0.0980878 0.1071761 0.1116533 0.1116719 0.1119025 0.0993511 0.1006117 0.1096022 0.1131731 0.1161842 0.1143615 0.1212648 0.1126789 0.1155971 0.1169312 0.1166892 0.0106771 0.0154627 0.0107549 0.0396901 0.0000000 0.0340879 0.0376146 0.0107518 0.0091758 0.0107518 0.0060706 0.0114749 0.0297285 0.0099129 0.0107008 0.0107008 0.0138811 0.0138884 0.0099129 0.0114839 0.0107103 0.0106771 0.0154535 0.0162883 0.0139306 0.0155430 0.0146743 0.0288850 0.0131565 0.0140831 0.0099278 0.0107036 0.0146639 0.0154604 0.0170838 0.0107191 0.0170811 0.0123458 0.0162721 0.0170811 0.0187173 0.0146515 0.0162702 0.0114822 0.0107721 0.0146515 0.0154650 0.0091827 0.0107036 0.0162865 0.0162586 0.0138643 0.0146629 0.0146461 0.0272938 0.0139306 0.0271333 0.0154742 0.0138435 0.0099187 0.0123531 0.0083512 0.0280298 0.0131565 0.0179015 0.0138923 0.0130809 0.0187546 0.0138801 0.0122768 0.1496860 0.1564612 0.1524673 0.1494327 0.1538489 0.0114931 0.0099017 0.0162659 0.0099129 0.0138839 0.0154546 0.0162633 0.0158134 0.0271635 0.0097519 0.0107015 0.0107542 0.0107542 0.0107542 0.0107542 0.0171590 0.0171590 0.0099678 0.0106969 0.0107564 0.0106953 0.0138591 0.0146504 0.0139254 0.0154477 0.0099129 0.0162684 0.0099129 0.0146584 0.0146574 0.0099129 0.0255070 0.0154546 0.0162598 0.0170800 0.0170800 0.0231222 0.0362813 0.0000010 0.0309973 0.0291573 0.0146611 0.0106916 0.0132664 0.0281484 0.0170800 0.0213105 0.0221752 0.0213105 0.0178990 0.0170800 0.0213105 0.0107546 0.0099002 0.0075797 0.0091251 0.0114864 0.0114864 0.0170800 0.0186974 0.0170800 0.0220203 0.0147991 0.0362813 0.0362813 0.0138671 0.0099129 0.0068005 0.0263588 0.0310249 0.0328628 0.0311044 0.0116618 0.0330231 
