167
EF564174                   0.0000000 0.0661893 0.0014915 0.0571561 0.0181054 0.0670373 0.0664131 0.0022425 0.0000010 0.0571561 0.0682629 0.0603300 0.0644360 0.0877973 0.0647152 0.0630241 0.0640794 0.0646089 0.1033133 0.1052898 0.1067317 0.1155399 0.1006422 0.1066937 0.1088995 0.1066742 0.1065897 0.1066742 0.1038901 0.1020607 0.1002717 0.1037836 0.1050714 0.1050714 0.1102977 0.1045187 0.1037836 0.1062349 0.1049041 0.1033133 0.1128990 0.1095896 0.1111377 0.1034272 0.1075722 0.1054637 0.1086050 0.1113581 0.1024510 0.1050890 0.1115053 0.1054288 0.1028885 0.1052961 0.1079575 0.1098290 0.1093420 0.1079575 0.1105184 0.1067233 0.1118924 0.1062164 0.1075022 0.1067233 0.1079303 0.1064700 0.1026624 0.1041898 0.1141547 0.1106408 0.1101670 0.1115782 0.1017461 0.1111377 0.1027513 0.1095602 0.1052154 0.1039811 0.1099271 0.1033719 0.1042867 0.1086050 0.1092743 0.1105457 0.1040863 0.1082564 0.1075354 0.1075147 0.1356998 0.1399699 0.1395056 0.1336585 0.1381332 0.1063758 0.1038819 0.1068178 0.1037836 0.1057932 0.1029396 0.1116978 0.1083361 0.0997015 0.1078511 0.1025024 0.1073219 0.1073219 0.1073219 0.1073219 0.1136456 0.1136456 0.1052571 0.1050070 0.1057076 0.1025647 0.1081028 0.1041227 0.1085902 0.1103514 0.1037836 0.1016140 0.1037836 0.1089550 0.1076371 0.1037836 0.1007528 0.1029396 0.1041589 0.1081097 0.1081097 0.1114174 0.1214555 0.0000010 0.1114429 0.1137687 0.1111933 0.1053091 0.1076564 0.1104506 0.1081097 0.1124708 0.1141184 0.1124708 0.1094184 0.1081097 0.1124708 0.1094492 0.1062988 0.1034422 0.1051528 0.1038470 0.1038470 0.1081097 0.1105077 0.1081097 0.1158009 0.1111648 0.1214555 0.1214555 0.1097165 0.1037836 0.1020688 0.1118807 0.1148321 0.1112171 0.1087504 0.0932344 0.1147630 
EU643590                   0.0661893 0.0000000 0.0661893 0.0204637 0.0794577 0.0254438 0.0230534 0.0651252 0.0661893 0.0204637 0.0246476 0.0230158 0.0264421 0.0871123 0.0669263 0.0612929 0.0623285 0.0641542 0.1263218 0.1231085 0.1201813 0.1371305 0.1208610 0.1220032 0.1242067 0.1254123 0.1227477 0.1254123 0.1216912 0.1210785 0.1193777 0.1213779 0.1227363 0.1227363 0.1282771 0.1222481 0.1213779 0.1239431 0.1226555 0.1263218 0.1285127 0.1277299 0.1293597 0.1245973 0.1273188 0.1237446 0.1238953 0.1284899 0.1199326 0.1227554 0.1297429 0.1232773 0.1255411 0.1230034 0.1233772 0.1251658 0.1219049 0.1233772 0.1260518 0.1246442 0.1301120 0.1239216 0.1227650 0.1246442 0.1259056 0.1244192 0.1202175 0.1243689 0.1298179 0.1288016 0.1282777 0.1271302 0.1219694 0.1293597 0.1235552 0.1276276 0.1257635 0.1217996 0.1252801 0.1210775 0.1252744 0.1238953 0.1247577 0.1282266 0.1257930 0.1287969 0.1227604 0.1252905 0.1359372 0.1425121 0.1471560 0.1441730 0.1457669 0.1241134 0.1242332 0.1218276 0.1213779 0.1253489 0.1231989 0.1298536 0.1245908 0.1224350 0.1205402 0.1200259 0.1250911 0.1250911 0.1250911 0.1250911 0.1346108 0.1346108 0.1257143 0.1226583 0.1234889 0.1201018 0.1287185 0.1244421 0.1292760 0.1284301 0.1213779 0.1241629 0.1213779 0.1296590 0.1281951 0.1213779 0.1213284 0.1231989 0.1219380 0.1259244 0.1259244 0.1324897 0.1326859 0.0000010 0.1270606 0.1247331 0.1291319 0.1258032 0.1256023 0.1215728 0.1259244 0.1306786 0.1324897 0.1306786 0.1273029 0.1259244 0.1306786 0.1222080 0.1242116 0.1209771 0.1255845 0.1214549 0.1214549 0.1259244 0.1284174 0.1259244 0.1311666 0.1276036 0.1326859 0.1326859 0.1331886 0.1213779 0.1195155 0.1258783 0.1339043 0.1191431 0.1153672 0.1081483 0.1294059 
FJ959397                   0.0014915 0.0661893 0.0000000 0.0551143 0.0164495 0.0649041 0.0642747 0.0007440 0.0014915 0.0551143 0.0661114 0.0582540 0.0623224 0.0854055 0.0625880 0.0609244 0.0619690 0.0625076 0.1007582 0.1052898 0.1041259 0.1128208 0.0981195 0.1040762 0.1062454 0.1040703 0.1039884 0.1040703 0.1013215 0.0995201 0.0977445 0.1012180 0.1024927 0.1024927 0.1076626 0.1019321 0.1012180 0.1036473 0.1023133 0.1007582 0.1102533 0.1069607 0.1084935 0.1008601 0.1049753 0.1028824 0.1059916 0.1086833 0.0999038 0.1025100 0.1088578 0.1028494 0.1003364 0.1027109 0.1079575 0.1072050 0.1067233 0.1079575 0.1105184 0.1041309 0.1092474 0.1036293 0.1048960 0.1041309 0.1053276 0.1038750 0.1001049 0.1016243 0.1114981 0.1080067 0.1075417 0.1089455 0.0992196 0.1084935 0.1002029 0.1069404 0.1026429 0.1014097 0.1073001 0.1008177 0.1017140 0.1059916 0.1092743 0.1079002 0.1040863 0.1056431 0.1049346 0.1049146 0.1327894 0.1369850 0.1365684 0.1307760 0.1352070 0.1037836 0.1013134 0.1042225 0.1012180 0.1031992 0.1003834 0.1090616 0.1049826 0.0971823 0.1044991 0.0999498 0.1047236 0.1047236 0.1047236 0.1047236 0.1109796 0.1109796 0.1026726 0.1024304 0.1031110 0.1000101 0.1054924 0.1015567 0.1059696 0.1077290 0.1012180 0.0990748 0.1012180 0.1063311 0.1050356 0.1012180 0.0982135 0.1003834 0.1041589 0.1055017 0.1055017 0.1087437 0.1186819 0.0000010 0.1087677 0.1110784 0.1085613 0.1027207 0.1050319 0.1078172 0.1055017 0.1097963 0.1114174 0.1097963 0.1067973 0.1055017 0.1097963 0.1060791 0.1037093 0.1008857 0.1025717 0.1012793 0.1012793 0.1055017 0.1078806 0.1055017 0.1131218 0.1077757 0.1186819 0.1186819 0.1070984 0.1012180 0.0995280 0.1092588 0.1121698 0.1085586 0.1061134 0.0907336 0.1120404 
GU358653                   0.0571561 0.0204637 0.0551143 0.0000000 0.0713778 0.0162674 0.0155503 0.0541033 0.0571561 0.0014879 0.0171056 0.0083444 0.0114850 0.0761586 0.0531330 0.0497880 0.0507603 0.0525220 0.1123953 0.1119467 0.1081818 0.1224722 0.1072074 0.1155434 0.1176687 0.1132228 0.1106581 0.1132228 0.1079316 0.1087201 0.1057041 0.1102658 0.1115729 0.1115729 0.1168859 0.1110461 0.1102658 0.1127464 0.1114379 0.1123953 0.1144891 0.1136735 0.1152311 0.1106001 0.1133333 0.1099292 0.1100427 0.1154970 0.1088997 0.1115909 0.1156001 0.1094728 0.1115603 0.1118117 0.1121850 0.1139038 0.1081658 0.1121850 0.1147652 0.1107759 0.1159803 0.1127269 0.1102493 0.1107759 0.1119880 0.1105295 0.1091358 0.1104243 0.1157418 0.1147230 0.1142403 0.1131705 0.1083096 0.1152311 0.1097806 0.1136295 0.1118668 0.1054360 0.1113605 0.1048225 0.1113670 0.1100427 0.1135131 0.1146476 0.1145151 0.1146009 0.1115943 0.1140443 0.1313897 0.1381411 0.1423554 0.1394339 0.1409922 0.1128972 0.1077622 0.1080996 0.1102658 0.1113943 0.1094056 0.1157734 0.1081318 0.1086933 0.1076458 0.1089651 0.1112118 0.1112118 0.1112118 0.1112118 0.1202735 0.1202735 0.1117713 0.1115039 0.1122479 0.1090320 0.1146514 0.1106012 0.1151589 0.1144179 0.1102658 0.1102467 0.1102658 0.1155277 0.1141692 0.1102658 0.1076185 0.1094056 0.1108057 0.1120052 0.1120052 0.1153765 0.1259605 0.0000010 0.1153772 0.1182184 0.1152675 0.1092050 0.1142461 0.1144424 0.1120052 0.1164197 0.1180895 0.1164197 0.1133197 0.1120052 0.1164197 0.1092461 0.1077436 0.1099047 0.1090389 0.1103338 0.1103338 0.1120052 0.1144069 0.1120052 0.1170315 0.1109642 0.1259605 0.1259605 0.1164450 0.1102658 0.1085058 0.1169856 0.1239731 0.1103137 0.1078785 0.0971966 0.1175540 
HQ317918                   0.0181054 0.0794577 0.0164495 0.0713778 0.0000000 0.0815664 0.0787695 0.0172760 0.0181054 0.0713778 0.0807209 0.0725785 0.0792157 0.1074135 0.0842651 0.0799952 0.0811452 0.0815987 0.1196467 0.1219512 0.1208148 0.1332728 0.1116902 0.1236793 0.1261485 0.1207457 0.1206458 0.1207457 0.1151794 0.1182862 0.1165689 0.1176136 0.1189854 0.1189854 0.1219602 0.1184724 0.1176136 0.1202085 0.1188839 0.1196467 0.1272554 0.1238237 0.1254700 0.1172564 0.1216095 0.1221705 0.1227488 0.1258657 0.1161637 0.1190045 0.1258581 0.1193460 0.1166288 0.1192488 0.1248314 0.1240437 0.1235138 0.1248314 0.1275770 0.1207243 0.1262382 0.1201872 0.1215960 0.1207243 0.1219992 0.1204875 0.1164374 0.1180156 0.1285840 0.1249132 0.1243889 0.1258492 0.1180527 0.1254700 0.1192124 0.1237368 0.1190922 0.1196399 0.1241593 0.1171339 0.1209279 0.1227488 0.1262489 0.1248899 0.1206483 0.1223887 0.1215946 0.1215703 0.1458536 0.1496778 0.1502297 0.1471684 0.1488057 0.1203761 0.1177288 0.1208359 0.1176136 0.1197988 0.1167055 0.1259890 0.1266907 0.1159490 0.1262001 0.1162488 0.1213675 0.1213675 0.1213675 0.1213675 0.1281240 0.1281240 0.1192051 0.1189087 0.1197284 0.1163233 0.1222195 0.1179538 0.1227667 0.1245529 0.1176136 0.1152725 0.1176136 0.1231520 0.1217030 0.1176136 0.1157737 0.1167055 0.1207577 0.1222104 0.1222104 0.1259216 0.1391825 0.0000010 0.1288528 0.1312991 0.1254605 0.1192826 0.1218515 0.1271870 0.1222104 0.1269857 0.1288027 0.1269857 0.1236039 0.1222104 0.1269857 0.1279203 0.1202839 0.1172177 0.1190810 0.1176892 0.1176892 0.1222104 0.1247374 0.1222104 0.1277221 0.1297689 0.1391825 0.1391825 0.1265126 0.1176136 0.1157450 0.1260921 0.1289266 0.1266335 0.1240161 0.1066217 0.1325298 
JQ970480                   0.0670373 0.0254438 0.0649041 0.0162674 0.0815664 0.0000000 0.0075771 0.0638483 0.0670373 0.0162674 0.0083582 0.0187453 0.0220784 0.0825994 0.0586849 0.0559890 0.0569961 0.0607634 0.1191264 0.1165367 0.1152302 0.1326166 0.1117046 0.1202586 0.1224405 0.1203919 0.1177639 0.1203919 0.1149502 0.1170504 0.1176726 0.1173314 0.1186726 0.1186726 0.1215790 0.1188959 0.1173314 0.1198686 0.1185717 0.1191264 0.1216495 0.1208489 0.1224455 0.1177417 0.1204729 0.1169779 0.1171096 0.1227965 0.1159139 0.1186913 0.1228223 0.1165165 0.1186954 0.1189295 0.1193041 0.1210683 0.1151750 0.1193041 0.1219475 0.1178533 0.1231968 0.1198478 0.1173328 0.1178533 0.1190917 0.1176167 0.1161808 0.1175398 0.1229303 0.1219110 0.1214062 0.1202969 0.1152791 0.1224455 0.1168090 0.1207764 0.1189598 0.1123934 0.1184628 0.1117338 0.1184636 0.1171096 0.1206672 0.1244400 0.1216914 0.1218479 0.1186957 0.1211996 0.1392222 0.1460068 0.1447836 0.1418303 0.1434069 0.1200320 0.1147669 0.1151031 0.1173314 0.1185159 0.1164435 0.1229640 0.1139100 0.1169612 0.1134225 0.1159967 0.1182940 0.1182940 0.1182940 0.1182940 0.1276005 0.1276005 0.1188869 0.1185978 0.1193974 0.1160693 0.1218335 0.1176645 0.1223674 0.1215724 0.1173314 0.1173476 0.1173314 0.1227440 0.1213292 0.1173314 0.1146119 0.1164435 0.1178851 0.1191098 0.1191098 0.1200889 0.1282297 0.0000010 0.1201046 0.1204017 0.1250012 0.1162638 0.1214711 0.1163905 0.1191098 0.1211328 0.1228518 0.1211328 0.1204582 0.1191098 0.1211328 0.1150542 0.1147470 0.1169448 0.1160762 0.1174051 0.1174051 0.1191098 0.1190347 0.1191098 0.1215185 0.1168059 0.1282297 0.1282297 0.1232884 0.1173314 0.1155046 0.1216227 0.1232415 0.1149118 0.1124385 0.1028330 0.1236680 
JX088694                   0.0664131 0.0230534 0.0642747 0.0155503 0.0787695 0.0075771 0.0000000 0.0632164 0.0664131 0.0155503 0.0045325 0.0180311 0.0213693 0.0866007 0.0621196 0.0553450 0.0563543 0.0601336 0.1197628 0.1167856 0.1127983 0.1321979 0.1119351 0.1205254 0.1227171 0.1179323 0.1153189 0.1179323 0.1151937 0.1173004 0.1171990 0.1175834 0.1189298 0.1189298 0.1218484 0.1160963 0.1175834 0.1201302 0.1188299 0.1197628 0.1219178 0.1211154 0.1227182 0.1179976 0.1207369 0.1172283 0.1173611 0.1230736 0.1161600 0.1189486 0.1230965 0.1167653 0.1189540 0.1191882 0.1195639 0.1213351 0.1154187 0.1195639 0.1222175 0.1181072 0.1234720 0.1201093 0.1175855 0.1181072 0.1193502 0.1178703 0.1164287 0.1177942 0.1232036 0.1221811 0.1216740 0.1205599 0.1155217 0.1227182 0.1170581 0.1210416 0.1192175 0.1126274 0.1187195 0.1119644 0.1187201 0.1173611 0.1209323 0.1247216 0.1219605 0.1221201 0.1189530 0.1214664 0.1359390 0.1456484 0.1444211 0.1414545 0.1430379 0.1202945 0.1150093 0.1153464 0.1175834 0.1187734 0.1166919 0.1232374 0.1159818 0.1156839 0.1154923 0.1162436 0.1185495 0.1185495 0.1185495 0.1185495 0.1278936 0.1278936 0.1191453 0.1188546 0.1196587 0.1163167 0.1221032 0.1179174 0.1226397 0.1218403 0.1175834 0.1176009 0.1175834 0.1230177 0.1215966 0.1175834 0.1148534 0.1166919 0.1181393 0.1166692 0.1166692 0.1203550 0.1285296 0.0000010 0.1203716 0.1206689 0.1252827 0.1165125 0.1217413 0.1166394 0.1166692 0.1214020 0.1231290 0.1214020 0.1180097 0.1166692 0.1214020 0.1171417 0.1149893 0.1171948 0.1163236 0.1176576 0.1176576 0.1166692 0.1192929 0.1166692 0.1245301 0.1189125 0.1285296 0.1285296 0.1239386 0.1175834 0.1157489 0.1218889 0.1235152 0.1151565 0.1126742 0.1030361 0.1223305 
KJ466147                   0.0022425 0.0651252 0.0007440 0.0541033 0.0172760 0.0638483 0.0632164 0.0000000 0.0022425 0.0541033 0.0650466 0.0572262 0.0612761 0.0866022 0.0636516 0.0619741 0.0630241 0.0635582 0.1020373 0.1065922 0.1054305 0.1141825 0.0993823 0.1053866 0.1075742 0.1053739 0.1052908 0.1053739 0.1026074 0.1007919 0.0990095 0.1025024 0.1037836 0.1037836 0.1089820 0.1032270 0.1025024 0.1049428 0.1036103 0.1020373 0.1115782 0.1082770 0.1098176 0.1021453 0.1062755 0.1041747 0.1073001 0.1100227 0.1011789 0.1038011 0.1101835 0.1041408 0.1016140 0.1040051 0.1092743 0.1085189 0.1080345 0.1092743 0.1118474 0.1054288 0.1105719 0.1049246 0.1062008 0.1054288 0.1066308 0.1051742 0.1013852 0.1029087 0.1128286 0.1093257 0.1088563 0.1102639 0.1004843 0.1098176 0.1014786 0.1082522 0.1039308 0.1026970 0.1086154 0.1020964 0.1030019 0.1073001 0.1105978 0.1092248 0.1053813 0.1069516 0.1062367 0.1062164 0.1313512 0.1355106 0.1351169 0.1293516 0.1337610 0.1050814 0.1025993 0.1055219 0.1025024 0.1044979 0.1016631 0.1103817 0.1066605 0.0984432 0.1061761 0.1012276 0.1060245 0.1060245 0.1060245 0.1060245 0.1123147 0.1123147 0.1039665 0.1037204 0.1044110 0.1012889 0.1067994 0.1028413 0.1072818 0.1090422 0.1025024 0.1003459 0.1025024 0.1076449 0.1063381 0.1025024 0.0994846 0.1016631 0.1054572 0.1068075 0.1068075 0.1100825 0.1200712 0.0000010 0.1101072 0.1124256 0.1098792 0.1040165 0.1063459 0.1091358 0.1068075 0.1111356 0.1127700 0.1111356 0.1081097 0.1068075 0.1111356 0.1077653 0.1050058 0.1021655 0.1038639 0.1025647 0.1025647 0.1068075 0.1091961 0.1068075 0.1117976 0.1094715 0.1200712 0.1200712 0.1084093 0.1025024 0.1007999 0.1105718 0.1135031 0.1098898 0.1074337 0.0919850 0.1134037 
KU946961                   0.0000010 0.0661893 0.0014915 0.0571561 0.0181054 0.0670373 0.0664131 0.0022425 0.0000000 0.0571561 0.0682629 0.0603300 0.0644360 0.0877973 0.0647152 0.0630241 0.0640794 0.0646089 0.1033133 0.1052898 0.1067317 0.1155399 0.1006422 0.1066937 0.1088995 0.1066742 0.1065897 0.1066742 0.1038901 0.1020607 0.1002717 0.1037836 0.1050714 0.1050714 0.1102977 0.1045187 0.1037836 0.1062349 0.1049041 0.1033133 0.1128990 0.1095896 0.1111377 0.1034272 0.1075722 0.1054637 0.1086050 0.1113581 0.1024510 0.1050890 0.1115053 0.1054288 0.1028885 0.1052961 0.1079575 0.1098290 0.1093420 0.1079575 0.1105184 0.1067233 0.1118924 0.1062164 0.1075022 0.1067233 0.1079303 0.1064700 0.1026624 0.1041898 0.1141547 0.1106408 0.1101670 0.1115782 0.1017461 0.1111377 0.1027513 0.1095602 0.1052154 0.1039811 0.1099271 0.1033719 0.1042867 0.1086050 0.1092743 0.1105457 0.1040863 0.1082564 0.1075354 0.1075147 0.1356998 0.1399699 0.1395056 0.1336585 0.1381332 0.1063758 0.1038819 0.1068178 0.1037836 0.1057932 0.1029396 0.1116978 0.1083361 0.0997015 0.1078511 0.1025024 0.1073219 0.1073219 0.1073219 0.1073219 0.1136456 0.1136456 0.1052571 0.1050070 0.1057076 0.1025647 0.1081028 0.1041227 0.1085902 0.1103514 0.1037836 0.1016140 0.1037836 0.1089550 0.1076371 0.1037836 0.1007528 0.1029396 0.1041589 0.1081097 0.1081097 0.1114174 0.1214555 0.0000010 0.1114429 0.1137687 0.1111933 0.1053091 0.1076564 0.1104506 0.1081097 0.1124708 0.1141184 0.1124708 0.1094184 0.1081097 0.1124708 0.1094492 0.1062988 0.1034422 0.1051528 0.1038470 0.1038470 0.1081097 0.1105077 0.1081097 0.1158009 0.1111648 0.1214555 0.1214555 0.1097165 0.1037836 0.1020688 0.1118807 0.1148321 0.1112171 0.1087504 0.0932344 0.1147630 
KX148264                   0.0571561 0.0204637 0.0551143 0.0014879 0.0713778 0.0162674 0.0155503 0.0541033 0.0571561 0.0000000 0.0171056 0.0083444 0.0114850 0.0740223 0.0512198 0.0479091 0.0488732 0.0506275 0.1148685 0.1144179 0.1106389 0.1224722 0.1096366 0.1155434 0.1176687 0.1157163 0.1131326 0.1157163 0.1103789 0.1111526 0.1081393 0.1127269 0.1140443 0.1140443 0.1194033 0.1135263 0.1127269 0.1152244 0.1139213 0.1148685 0.1169785 0.1161688 0.1177383 0.1130871 0.1158168 0.1099292 0.1125042 0.1180331 0.1113446 0.1140626 0.1181096 0.1119273 0.1140442 0.1142892 0.1146627 0.1163949 0.1106097 0.1146627 0.1172619 0.1132407 0.1184872 0.1152045 0.1127164 0.1132407 0.1144606 0.1129978 0.1115909 0.1129026 0.1182395 0.1172216 0.1167316 0.1156496 0.1083096 0.1177383 0.1097806 0.1161154 0.1143358 0.1078645 0.1138329 0.1072357 0.1113670 0.1125042 0.1160015 0.1171583 0.1170099 0.1171198 0.1140663 0.1165323 0.1313897 0.1381411 0.1423554 0.1394339 0.1409922 0.1153794 0.1102048 0.1105416 0.1127269 0.1138737 0.1118582 0.1182718 0.1113151 0.1086933 0.1108289 0.1114158 0.1136775 0.1136775 0.1136775 0.1136775 0.1228135 0.1228135 0.1142480 0.1139735 0.1147359 0.1114846 0.1171480 0.1130613 0.1176641 0.1169054 0.1127269 0.1127201 0.1127269 0.1180352 0.1166586 0.1127269 0.1076185 0.1118582 0.1132712 0.1144781 0.1144781 0.1179070 0.1285740 0.0000010 0.1179157 0.1207661 0.1177633 0.1116647 0.1167578 0.1169383 0.1144781 0.1189488 0.1206416 0.1189488 0.1158029 0.1144781 0.1189488 0.1124438 0.1101857 0.1123574 0.1114915 0.1127968 0.1127968 0.1144781 0.1168941 0.1144781 0.1195386 0.1141772 0.1285740 0.1285740 0.1189514 0.1127269 0.1109457 0.1194731 0.1265239 0.1127919 0.1103403 0.0995942 0.1201261 
KY451767                   0.0682629 0.0246476 0.0661114 0.0171056 0.0807209 0.0083582 0.0045325 0.0650466 0.0682629 0.0171056 0.0000000 0.0196004 0.0229553 0.0885954 0.0639334 0.0571115 0.0581268 0.0619187 0.1210722 0.1180827 0.1140830 0.1316539 0.1132066 0.1218582 0.1240655 0.1192400 0.1166145 0.1192400 0.1164859 0.1185956 0.1167059 0.1188847 0.1202375 0.1202375 0.1231743 0.1197383 0.1188847 0.1214423 0.1201440 0.1210722 0.1232370 0.1224375 0.1240477 0.1193132 0.1220522 0.1185264 0.1186628 0.1244191 0.1174513 0.1202565 0.1244274 0.1180622 0.1202682 0.1204994 0.1208752 0.1226555 0.1167090 0.1208752 0.1235409 0.1194106 0.1248019 0.1214212 0.1188903 0.1194106 0.1206586 0.1191757 0.1177260 0.1191047 0.1245282 0.1235057 0.1229946 0.1218726 0.1168045 0.1240477 0.1183523 0.1223581 0.1205239 0.1139079 0.1200280 0.1132362 0.1200274 0.1186628 0.1222502 0.1260643 0.1232827 0.1234558 0.1202611 0.1227848 0.1345898 0.1441508 0.1429465 0.1400213 0.1415819 0.1216090 0.1162989 0.1166357 0.1188847 0.1200851 0.1179877 0.1245624 0.1193001 0.1172400 0.1188112 0.1175384 0.1198541 0.1198541 0.1198541 0.1198541 0.1292445 0.1292445 0.1204561 0.1201613 0.1209759 0.1176125 0.1234266 0.1192181 0.1239680 0.1231584 0.1188847 0.1189087 0.1188847 0.1243475 0.1229160 0.1188847 0.1161409 0.1179877 0.1194430 0.1179647 0.1179647 0.1216866 0.1299032 0.0000010 0.1212802 0.1220011 0.1266168 0.1178125 0.1230729 0.1179385 0.1179647 0.1227335 0.1244743 0.1227335 0.1193117 0.1179647 0.1227335 0.1204774 0.1162787 0.1184912 0.1176194 0.1189599 0.1189599 0.1179647 0.1206004 0.1179647 0.1258607 0.1222664 0.1299032 0.1299032 0.1252689 0.1188847 0.1170375 0.1231984 0.1276053 0.1164564 0.1139636 0.1042898 0.1239860 
MG201919                   0.0603300 0.0230158 0.0582540 0.0083444 0.0725785 0.0187453 0.0180311 0.0572262 0.0603300 0.0083444 0.0196004 0.0000000 0.0060346 0.0795491 0.0561278 0.0527237 0.0537106 0.0554866 0.1215831 0.1211243 0.1147869 0.1321416 0.1162148 0.1198054 0.1219823 0.1199426 0.1173179 0.1199426 0.1170087 0.1177449 0.1147262 0.1194015 0.1207513 0.1207513 0.1262529 0.1202559 0.1194015 0.1219527 0.1206607 0.1215831 0.1237422 0.1202139 0.1245531 0.1171129 0.1225611 0.1190435 0.1191807 0.1249289 0.1179700 0.1207703 0.1249317 0.1158977 0.1180664 0.1210134 0.1186759 0.1231637 0.1145604 0.1186759 0.1213107 0.1172302 0.1225554 0.1219315 0.1194086 0.1172302 0.1211708 0.1169929 0.1182460 0.1169137 0.1250296 0.1240117 0.1235014 0.1223813 0.1173223 0.1245531 0.1188685 0.1228661 0.1210359 0.1144357 0.1205430 0.1137629 0.1205419 0.1191807 0.1200343 0.1265654 0.1237889 0.1212053 0.1207749 0.1232917 0.1330067 0.1425338 0.1411106 0.1381967 0.1397502 0.1221195 0.1168214 0.1144891 0.1194015 0.1206011 0.1158253 0.1250639 0.1180953 0.1177592 0.1211305 0.1180581 0.1203682 0.1203682 0.1203682 0.1203682 0.1297333 0.1297333 0.1182593 0.1206749 0.1214902 0.1181324 0.1239326 0.1197333 0.1244734 0.1236635 0.1194015 0.1167229 0.1194015 0.1248517 0.1234227 0.1194015 0.1166631 0.1158253 0.1172619 0.1184830 0.1184830 0.1220129 0.1330478 0.0000010 0.1222260 0.1251019 0.1271122 0.1183332 0.1235836 0.1199146 0.1184830 0.1230537 0.1247877 0.1230537 0.1198270 0.1184830 0.1230537 0.1227985 0.1168011 0.1190077 0.1181392 0.1194769 0.1194769 0.1184830 0.1209267 0.1184830 0.1236086 0.1245893 0.1330478 0.1330478 0.1283444 0.1194015 0.1175566 0.1224473 0.1308821 0.1144676 0.1144950 0.1023947 0.1245018 
MG201921                   0.0644360 0.0264421 0.0623224 0.0114850 0.0792157 0.0220784 0.0213693 0.0612761 0.0644360 0.0114850 0.0229553 0.0060346 0.0000000 0.0818030 0.0581273 0.0546852 0.0556815 0.0574661 0.1197150 0.1192595 0.1156286 0.1305281 0.1143941 0.1165850 0.1187273 0.1207894 0.1181619 0.1207894 0.1178494 0.1185794 0.1129063 0.1202435 0.1215949 0.1215949 0.1271050 0.1211033 0.1202435 0.1227968 0.1215086 0.1197150 0.1218570 0.1197065 0.1226522 0.1170100 0.1206832 0.1171953 0.1200234 0.1230047 0.1188082 0.1216139 0.1230282 0.1140748 0.1162157 0.1218588 0.1168283 0.1240110 0.1127491 0.1168283 0.1194419 0.1153961 0.1206755 0.1227756 0.1202529 0.1153961 0.1193049 0.1178336 0.1190876 0.1150702 0.1231349 0.1221185 0.1230161 0.1232250 0.1154986 0.1226522 0.1170262 0.1209861 0.1191730 0.1152737 0.1213875 0.1145965 0.1186784 0.1200234 0.1181752 0.1246427 0.1246361 0.1193197 0.1216187 0.1241375 0.1301085 0.1395150 0.1381193 0.1352338 0.1367704 0.1229649 0.1176607 0.1153242 0.1202435 0.1214475 0.1166621 0.1259106 0.1191872 0.1159236 0.1222296 0.1188984 0.1212105 0.1212105 0.1212105 0.1212105 0.1305881 0.1305881 0.1191010 0.1215180 0.1223385 0.1189732 0.1247803 0.1205742 0.1253233 0.1245083 0.1202435 0.1175656 0.1202435 0.1257018 0.1256894 0.1202435 0.1175013 0.1166621 0.1181010 0.1193229 0.1193229 0.1228678 0.1310566 0.0000010 0.1203193 0.1231805 0.1279611 0.1191764 0.1244373 0.1181267 0.1193229 0.1239065 0.1256462 0.1239065 0.1206685 0.1193229 0.1239065 0.1238995 0.1176403 0.1198473 0.1189801 0.1203194 0.1203194 0.1193229 0.1217681 0.1193229 0.1244531 0.1275574 0.1310566 0.1310566 0.1264217 0.1202435 0.1183938 0.1220147 0.1317338 0.1126398 0.1126667 0.1032327 0.1199730 
FJ712195                   0.0877973 0.0871123 0.0854055 0.0761586 0.1074135 0.0825994 0.0866007 0.0866022 0.0877973 0.0740223 0.0885954 0.0795491 0.0818030 0.0000000 0.0244858 0.0413890 0.0423450 0.0459986 0.1299640 0.1271962 0.1287420 0.1409401 0.1212872 0.1254163 0.1306013 0.1315678 0.1287651 0.1315678 0.1257315 0.1208201 0.1212484 0.1282532 0.1268145 0.1268145 0.1355478 0.1292088 0.1282532 0.1309511 0.1296382 0.1299640 0.1355419 0.1314504 0.1317858 0.1275801 0.1301433 0.1276588 0.1280316 0.1322628 0.1267113 0.1297065 0.1341449 0.1300431 0.1295548 0.1299799 0.1328387 0.1322563 0.1257430 0.1328387 0.1356712 0.1285982 0.1316028 0.1309277 0.1282879 0.1285982 0.1272478 0.1285813 0.1270383 0.1283383 0.1369123 0.1331551 0.1326031 0.1340864 0.1257856 0.1317858 0.1274510 0.1290290 0.1299667 0.1230067 0.1294789 0.1222549 0.1292598 0.1280316 0.1343039 0.1355348 0.1329089 0.1329711 0.1297126 0.1323718 0.1681486 0.1760175 0.1778406 0.1712381 0.1763149 0.1282532 0.1255207 0.1256603 0.1282532 0.1295585 0.1299567 0.1354896 0.1223279 0.1262894 0.1220853 0.1268274 0.1292706 0.1292706 0.1292706 0.1292706 0.1372284 0.1372284 0.1299321 0.1295998 0.1305127 0.1269113 0.1330658 0.1285883 0.1316976 0.1354510 0.1282532 0.1281178 0.1282532 0.1340546 0.1325144 0.1282532 0.1279919 0.1299567 0.1313068 0.1299302 0.1299302 0.1311528 0.1449632 0.0000010 0.1289485 0.1365338 0.1364111 0.1271482 0.1293918 0.1326304 0.1299302 0.1349260 0.1368356 0.1349260 0.1313674 0.1299302 0.1349260 0.1237775 0.1281522 0.1278141 0.1269182 0.1283383 0.1283383 0.1299302 0.1325222 0.1299302 0.1383310 0.1255947 0.1449632 0.1449632 0.1371288 0.1282532 0.1262681 0.1325122 0.1421050 0.1279141 0.1266084 0.1164425 0.1388012 
FJ712196                   0.0647152 0.0669263 0.0625880 0.0531330 0.0842651 0.0586849 0.0621196 0.0636516 0.0647152 0.0512198 0.0639334 0.0561278 0.0581273 0.0244858 0.0000000 0.0198911 0.0207355 0.0240554 0.1184138 0.1183345 0.1197515 0.1285627 0.1127053 0.1174006 0.1195673 0.1224407 0.1197726 0.1224407 0.1169103 0.1122725 0.1101734 0.1193247 0.1206868 0.1206868 0.1262394 0.1201865 0.1193247 0.1218992 0.1205950 0.1184138 0.1262864 0.1223327 0.1226718 0.1186096 0.1225132 0.1162542 0.1191019 0.1230280 0.1178805 0.1207059 0.1225074 0.1183139 0.1205320 0.1209512 0.1237053 0.1231214 0.1169540 0.1237053 0.1264026 0.1196688 0.1225074 0.1218779 0.1193316 0.1196688 0.1211102 0.1196186 0.1181587 0.1193632 0.1275942 0.1239772 0.1234622 0.1249025 0.1145497 0.1226718 0.1160860 0.1228211 0.1209741 0.1143144 0.1204765 0.1136362 0.1177473 0.1191019 0.1250976 0.1265548 0.1237523 0.1237360 0.1232750 0.1232506 0.1470115 0.1559859 0.1558466 0.1497430 0.1544244 0.1220676 0.1167214 0.1168802 0.1193247 0.1205350 0.1182389 0.1262398 0.1200816 0.1149736 0.1198354 0.1179692 0.1203003 0.1203003 0.1203003 0.1203003 0.1278659 0.1278659 0.1209075 0.1206098 0.1214322 0.1180441 0.1238974 0.1196596 0.1225930 0.1262050 0.1193247 0.1191658 0.1193247 0.1224288 0.1233828 0.1193247 0.1165618 0.1182389 0.1222536 0.1209411 0.1209411 0.1245629 0.1333168 0.0000010 0.1180198 0.1279287 0.1271068 0.1182466 0.1235449 0.1170080 0.1209411 0.1256113 0.1273858 0.1256113 0.1223077 0.1209411 0.1256113 0.1214970 0.1192348 0.1189276 0.1180510 0.1194008 0.1194008 0.1209411 0.1234216 0.1209411 0.1289448 0.1232807 0.1333168 0.1333168 0.1277766 0.1193247 0.1174635 0.1184064 0.1273244 0.1171268 0.1158761 0.1070942 0.1273521 
GU647092                   0.0630241 0.0612929 0.0609244 0.0497880 0.0799952 0.0559890 0.0553450 0.0619741 0.0630241 0.0479091 0.0571115 0.0527237 0.0546852 0.0413890 0.0198911 0.0000000 0.0007439 0.0115110 0.1210080 0.1207342 0.1219818 0.1320080 0.1156299 0.1196432 0.1190537 0.1221027 0.1194482 0.1221027 0.1166011 0.1144681 0.1094245 0.1190040 0.1203591 0.1203591 0.1258819 0.1198597 0.1190040 0.1215656 0.1202661 0.1210080 0.1233627 0.1219952 0.1223334 0.1182898 0.1221764 0.1163688 0.1187819 0.1226841 0.1175679 0.1203781 0.1245553 0.1179988 0.1202040 0.1206216 0.1208110 0.1227808 0.1166458 0.1208110 0.1234753 0.1193469 0.1221702 0.1215445 0.1190100 0.1193469 0.1207807 0.1192958 0.1178435 0.1190407 0.1246555 0.1236321 0.1231202 0.1219964 0.1146721 0.1223334 0.1162012 0.1224828 0.1206457 0.1113576 0.1201494 0.1133443 0.1178547 0.1187819 0.1221854 0.1261944 0.1234088 0.1233896 0.1203828 0.1229100 0.1425570 0.1541392 0.1540154 0.1479671 0.1526049 0.1217327 0.1164136 0.1165725 0.1190040 0.1202069 0.1179244 0.1233178 0.1222093 0.1150945 0.1219682 0.1176553 0.1199749 0.1199749 0.1199749 0.1199749 0.1275008 0.1275008 0.1205782 0.1202827 0.1210992 0.1177297 0.1235529 0.1193378 0.1222552 0.1232839 0.1190040 0.1188448 0.1190040 0.1244751 0.1230415 0.1190040 0.1166750 0.1179244 0.1193793 0.1206129 0.1206129 0.1242115 0.1302589 0.0000010 0.1177014 0.1249518 0.1267465 0.1179303 0.1231997 0.1180564 0.1206129 0.1252557 0.1270190 0.1252557 0.1219725 0.1206129 0.1252557 0.1236473 0.1189148 0.1186096 0.1202686 0.1190795 0.1190795 0.1206129 0.1230811 0.1206129 0.1285751 0.1254503 0.1302589 0.1302589 0.1277835 0.1190040 0.1171531 0.1206053 0.1277357 0.1093070 0.1080875 0.1018331 0.1243486 
JQ946087                   0.0640794 0.0623285 0.0619690 0.0507603 0.0811452 0.0569961 0.0563543 0.0630241 0.0640794 0.0488732 0.0581268 0.0537106 0.0556815 0.0423450 0.0207355 0.0007439 0.0000000 0.0123078 0.1223685 0.1220954 0.1233552 0.1334417 0.1169630 0.1210171 0.1204295 0.1234778 0.1208113 0.1234778 0.1179473 0.1157972 0.1107360 0.1203591 0.1217207 0.1217207 0.1272722 0.1212261 0.1203591 0.1229315 0.1216344 0.1223685 0.1247354 0.1233696 0.1237061 0.1196532 0.1235453 0.1177077 0.1201376 0.1240733 0.1189129 0.1217399 0.1259398 0.1193469 0.1215696 0.1219867 0.1221733 0.1241550 0.1179873 0.1221733 0.1248495 0.1207013 0.1235407 0.1229100 0.1203690 0.1207013 0.1221428 0.1206551 0.1191947 0.1204027 0.1260334 0.1250104 0.1244944 0.1233627 0.1159955 0.1237061 0.1175361 0.1238528 0.1220057 0.1126790 0.1215119 0.1146698 0.1192028 0.1201376 0.1235543 0.1275910 0.1247846 0.1247768 0.1217447 0.1242821 0.1440206 0.1556719 0.1555358 0.1494615 0.1541201 0.1231010 0.1177571 0.1179129 0.1203591 0.1215726 0.1192714 0.1246898 0.1239863 0.1164260 0.1237504 0.1190040 0.1213333 0.1213333 0.1213333 0.1213333 0.1288944 0.1288944 0.1219429 0.1216431 0.1224705 0.1190795 0.1249300 0.1206922 0.1236267 0.1246555 0.1203591 0.1202040 0.1203591 0.1258585 0.1244145 0.1203591 0.1180163 0.1192714 0.1207342 0.1219725 0.1219725 0.1256056 0.1316842 0.0000010 0.1190690 0.1263470 0.1281339 0.1192845 0.1218084 0.1194095 0.1219725 0.1266490 0.1284265 0.1266490 0.1233384 0.1219725 0.1266490 0.1254387 0.1202686 0.1199597 0.1189032 0.1204357 0.1204357 0.1219725 0.1244499 0.1219725 0.1299691 0.1272517 0.1316842 0.1316842 0.1291749 0.1203591 0.1184954 0.1219551 0.1291244 0.1106265 0.1094018 0.1031289 0.1257571 
KF726852                   0.0646089 0.0641542 0.0625076 0.0525220 0.0815987 0.0607634 0.0601336 0.0635582 0.0646089 0.0506275 0.0619187 0.0554866 0.0574661 0.0459986 0.0240554 0.0115110 0.0123078 0.0000000 0.1220940 0.1218229 0.1230709 0.1328544 0.1167335 0.1237003 0.1259139 0.1231922 0.1205479 0.1231922 0.1177083 0.1155771 0.1127690 0.1201006 0.1214509 0.1214509 0.1269554 0.1209589 0.1201006 0.1226518 0.1213638 0.1220940 0.1244411 0.1230850 0.1234193 0.1201249 0.1232605 0.1197416 0.1198806 0.1237803 0.1186669 0.1214698 0.1256340 0.1190971 0.1220229 0.1217142 0.1219000 0.1238646 0.1177488 0.1219000 0.1245540 0.1204404 0.1232556 0.1226306 0.1201096 0.1204404 0.1218697 0.1203935 0.1189455 0.1208664 0.1257284 0.1247128 0.1242015 0.1230798 0.1180160 0.1234193 0.1195649 0.1235655 0.1217340 0.1151347 0.1212434 0.1144586 0.1212417 0.1198806 0.1232694 0.1272704 0.1244892 0.1252052 0.1214746 0.1239912 0.1431364 0.1546671 0.1545399 0.1485227 0.1531371 0.1228196 0.1175199 0.1176751 0.1201006 0.1213030 0.1190224 0.1243959 0.1218824 0.1184563 0.1216427 0.1187567 0.1210669 0.1210669 0.1210669 0.1210669 0.1285649 0.1285649 0.1216707 0.1213740 0.1221931 0.1188314 0.1246333 0.1204313 0.1233408 0.1243620 0.1201006 0.1206687 0.1201006 0.1255536 0.1241225 0.1201006 0.1200519 0.1190224 0.1204729 0.1217011 0.1217011 0.1253002 0.1356335 0.0000010 0.1229507 0.1302522 0.1278114 0.1159943 0.1242895 0.1218733 0.1217011 0.1263361 0.1280972 0.1263361 0.1230558 0.1217011 0.1263361 0.1233043 0.1200109 0.1184607 0.1213598 0.1201764 0.1201764 0.1217011 0.1241584 0.1217011 0.1296317 0.1250882 0.1356335 0.1356335 0.1288439 0.1201006 0.1182530 0.1230426 0.1315806 0.1144338 0.1132031 0.1056191 0.1297037 
AB573762                   0.1033133 0.1263218 0.1007582 0.1123953 0.1196467 0.1191264 0.1197628 0.1020373 0.1033133 0.1148685 0.1210722 0.1215831 0.1197150 0.1299640 0.1184138 0.1210080 0.1223685 0.1220940 0.0000000 0.0170965 0.0139526 0.0472773 0.0106773 0.0366850 0.0402458 0.0139485 0.0123442 0.0139485 0.0139410 0.0099182 0.0350160 0.0162829 0.0170992 0.0170992 0.0203921 0.0187595 0.0162829 0.0179060 0.0171156 0.0000010 0.0187120 0.0179321 0.0155433 0.0171865 0.0179244 0.0341560 0.0180320 0.0157141 0.0155021 0.0154884 0.0179120 0.0170939 0.0187336 0.0155113 0.0187304 0.0171962 0.0179138 0.0187304 0.0203828 0.0162768 0.0195456 0.0146749 0.0155884 0.0162768 0.0187261 0.0139516 0.0162957 0.0179301 0.0195311 0.0170985 0.0179107 0.0178895 0.0325445 0.0155433 0.0323506 0.0187374 0.0170722 0.0163721 0.0172066 0.0138661 0.0332795 0.0180320 0.0195592 0.0204101 0.0195629 0.0204240 0.0203897 0.0170992 0.1643240 0.1715786 0.1672881 0.1641360 0.1687189 0.0162987 0.0155338 0.0179070 0.0146749 0.0171230 0.0170875 0.0195368 0.0137691 0.0323869 0.0117600 0.0154853 0.0155616 0.0155616 0.0155616 0.0155616 0.0187983 0.0187983 0.0147564 0.0138765 0.0155656 0.0154762 0.0170921 0.0178949 0.0155375 0.0187049 0.0146749 0.0179099 0.0146749 0.0179052 0.0179039 0.0146749 0.0306956 0.0170875 0.0179002 0.0187291 0.0187291 0.0248512 0.0418056 0.0000010 0.0345939 0.0344843 0.0195420 0.0163550 0.0181731 0.0334220 0.0187291 0.0230115 0.0238869 0.0230115 0.0195564 0.0187291 0.0230115 0.0127728 0.0155315 0.0122824 0.0147330 0.0162890 0.0162890 0.0187291 0.0203611 0.0187291 0.0253979 0.0147993 0.0418056 0.0418056 0.0075750 0.0146749 0.0114785 0.0315705 0.0363967 0.0383184 0.0365156 0.0149058 0.0366845 
AB573763                   0.1052898 0.1231085 0.1052898 0.1119467 0.1219512 0.1165367 0.1167856 0.1065922 0.1052898 0.1144179 0.1180827 0.1211243 0.1192595 0.1271962 0.1183345 0.1207342 0.1220954 0.1218229 0.0170965 0.0000000 0.0172064 0.0442754 0.0154631 0.0367286 0.0402936 0.0155768 0.0139574 0.0155768 0.0155682 0.0162905 0.0333300 0.0179240 0.0187484 0.0187484 0.0204159 0.0204265 0.0179240 0.0179267 0.0187667 0.0170965 0.0091261 0.0091469 0.0076176 0.0099327 0.0083614 0.0324382 0.0196997 0.0076997 0.0171388 0.0171235 0.0083554 0.0075790 0.0091357 0.0171490 0.0075759 0.0172163 0.0083566 0.0075759 0.0091313 0.0068047 0.0099127 0.0163017 0.0172342 0.0068047 0.0091324 0.0155802 0.0179382 0.0083636 0.0099063 0.0075806 0.0083548 0.0099105 0.0308312 0.0076176 0.0306466 0.0091376 0.0106997 0.0180220 0.0188662 0.0154843 0.0315671 0.0196997 0.0083536 0.0204136 0.0212354 0.0107235 0.0203931 0.0203902 0.1581104 0.1680676 0.1581493 0.1550676 0.1595540 0.0179416 0.0171733 0.0099197 0.0163017 0.0091528 0.0091351 0.0114886 0.0097451 0.0306809 0.0179390 0.0154883 0.0172043 0.0172043 0.0172043 0.0172043 0.0123422 0.0123422 0.0163922 0.0154964 0.0172091 0.0171100 0.0091371 0.0099133 0.0091816 0.0106942 0.0163017 0.0099210 0.0163017 0.0099184 0.0099177 0.0163017 0.0272514 0.0091351 0.0083507 0.0107073 0.0107073 0.0148656 0.0407865 0.0000010 0.0354012 0.0335110 0.0212125 0.0180032 0.0198504 0.0325638 0.0107073 0.0131667 0.0139868 0.0131667 0.0114993 0.0107073 0.0131667 0.0189848 0.0171707 0.0138872 0.0179942 0.0179308 0.0179308 0.0107073 0.0107035 0.0107073 0.0171099 0.0107530 0.0407865 0.0407865 0.0204135 0.0163017 0.0130744 0.0281118 0.0337212 0.0391342 0.0373283 0.0141091 0.0375007 
EU086200                   0.1067317 0.1201813 0.1041259 0.1081818 0.1208148 0.1152302 0.1127983 0.1054305 0.1067317 0.1106389 0.1140830 0.1147869 0.1156286 0.1287420 0.1197515 0.1219818 0.1233552 0.1230709 0.0139526 0.0172064 0.0000000 0.0457447 0.0107554 0.0380734 0.0416970 0.0045033 0.0029895 0.0045033 0.0124234 0.0115508 0.0352868 0.0147690 0.0155837 0.0155837 0.0188708 0.0188807 0.0147690 0.0163900 0.0155984 0.0139526 0.0171961 0.0180477 0.0156587 0.0180489 0.0164070 0.0326497 0.0165059 0.0158320 0.0139868 0.0139744 0.0163955 0.0172039 0.0188544 0.0139950 0.0188512 0.0156727 0.0163813 0.0188512 0.0205146 0.0163813 0.0180273 0.0147690 0.0140651 0.0163813 0.0172090 0.0124328 0.0147807 0.0180457 0.0180142 0.0155831 0.0163944 0.0163752 0.0310321 0.0156587 0.0308461 0.0172193 0.0171987 0.0148507 0.0156821 0.0123564 0.0317726 0.0165059 0.0196855 0.0188872 0.0180432 0.0205563 0.0188688 0.0172093 0.1631213 0.1703970 0.1660937 0.1629250 0.1675328 0.0147833 0.0140161 0.0163752 0.0131629 0.0156053 0.0171973 0.0180195 0.0169895 0.0308809 0.0128814 0.0139716 0.0140411 0.0140411 0.0140411 0.0140411 0.0189387 0.0189387 0.0132366 0.0139654 0.0140445 0.0139633 0.0155773 0.0163800 0.0156528 0.0171896 0.0131629 0.0180253 0.0131629 0.0163893 0.0163882 0.0131629 0.0274267 0.0171973 0.0180154 0.0171949 0.0171949 0.0232849 0.0421376 0.0000010 0.0348649 0.0347535 0.0180240 0.0148349 0.0166388 0.0327769 0.0171949 0.0214580 0.0223290 0.0214580 0.0180197 0.0171949 0.0214580 0.0139083 0.0140140 0.0107739 0.0132157 0.0147745 0.0147745 0.0171949 0.0188241 0.0171949 0.0238475 0.0159620 0.0421376 0.0421376 0.0188691 0.0131629 0.0099729 0.0300304 0.0348410 0.0349375 0.0349488 0.0117516 0.0388140 
EU086201                   0.1155399 0.1371305 0.1128208 0.1224722 0.1332728 0.1326166 0.1321979 0.1141825 0.1155399 0.1224722 0.1316539 0.1321416 0.1305281 0.1409401 0.1285627 0.1320080 0.1334417 0.1328544 0.0472773 0.0442754 0.0457447 0.0000000 0.0396996 0.0556727 0.0596824 0.0457271 0.0437985 0.0457271 0.0399419 0.0482898 0.0279630 0.0456447 0.0466241 0.0466241 0.0497717 0.0498603 0.0456447 0.0475637 0.0461934 0.0472773 0.0480861 0.0472492 0.0464520 0.0464775 0.0452643 0.0151010 0.0467326 0.0470146 0.0447736 0.0447291 0.0471879 0.0462087 0.0481591 0.0448036 0.0481427 0.0457716 0.0471845 0.0481427 0.0500984 0.0452342 0.0471879 0.0456447 0.0448439 0.0452342 0.0442850 0.0438297 0.0456838 0.0472395 0.0490467 0.0462331 0.0452858 0.0471073 0.0135249 0.0464520 0.0134438 0.0454201 0.0442516 0.0447725 0.0457502 0.0416626 0.0142802 0.0467326 0.0491319 0.0506341 0.0475783 0.0502407 0.0485517 0.0485439 0.1678176 0.1720269 0.1676454 0.1644295 0.1691050 0.0456983 0.0437324 0.0471626 0.0437480 0.0443652 0.0461873 0.0490606 0.0475901 0.0126427 0.0457626 0.0427821 0.0437722 0.0437722 0.0437722 0.0437722 0.0502987 0.0502987 0.0447820 0.0446982 0.0449656 0.0446910 0.0462117 0.0433003 0.0464303 0.0480636 0.0437480 0.0471782 0.0437480 0.0471659 0.0452649 0.0437480 0.0151376 0.0461873 0.0471406 0.0481389 0.0481389 0.0537357 0.0609675 0.0000010 0.0550525 0.0568478 0.0495013 0.0447295 0.0482071 0.0437685 0.0481389 0.0514151 0.0524997 0.0514151 0.0491240 0.0481389 0.0514151 0.0469803 0.0456208 0.0416829 0.0465995 0.0437174 0.0437174 0.0481389 0.0481163 0.0481389 0.0520135 0.0464399 0.0609675 0.0609675 0.0512706 0.0437480 0.0406953 0.0465796 0.0484810 0.0550846 0.0531063 0.0386065 0.0585433 
EU086202                   0.1006422 0.1208610 0.0981195 0.1072074 0.1116902 0.1117046 0.1119351 0.0993823 0.1006422 0.1096366 0.1132066 0.1162148 0.1143941 0.1212872 0.1127053 0.1156299 0.1169630 0.1167335 0.0106773 0.0154631 0.0107554 0.0396996 0.0000000 0.0340961 0.0376220 0.0107523 0.0091762 0.0107523 0.0060707 0.0114750 0.0297311 0.0099128 0.0107006 0.0107006 0.0138811 0.0138884 0.0099128 0.0114839 0.0107100 0.0106773 0.0154540 0.0162888 0.0139314 0.0155443 0.0146745 0.0288875 0.0131571 0.0140839 0.0099277 0.0107035 0.0146642 0.0154608 0.0170844 0.0107191 0.0170816 0.0123465 0.0162725 0.0170816 0.0187180 0.0146519 0.0162707 0.0114822 0.0107726 0.0146519 0.0154653 0.0091830 0.0107035 0.0162871 0.0162592 0.0138645 0.0146632 0.0146465 0.0272970 0.0139314 0.0271354 0.0154744 0.0138439 0.0099186 0.0123537 0.0083512 0.0280317 0.0131571 0.0179020 0.0138923 0.0130808 0.0187551 0.0138801 0.0122767 0.1497450 0.1565238 0.1525098 0.1494790 0.1538952 0.0114930 0.0099017 0.0162664 0.0099128 0.0138839 0.0154550 0.0162640 0.0158138 0.0271655 0.0097515 0.0107014 0.0107547 0.0107547 0.0107547 0.0107547 0.0171605 0.0171605 0.0099681 0.0106968 0.0107568 0.0106952 0.0138594 0.0146507 0.0139263 0.0154482 0.0099128 0.0162690 0.0099128 0.0146588 0.0146578 0.0099128 0.0255088 0.0154550 0.0162603 0.0170804 0.0170804 0.0231258 0.0362871 0.0000010 0.0309999 0.0291607 0.0146614 0.0106917 0.0132678 0.0281507 0.0170804 0.0213129 0.0221774 0.0213129 0.0178995 0.0170804 0.0213129 0.0107543 0.0099003 0.0075795 0.0091251 0.0114863 0.0114863 0.0170804 0.0186983 0.0170804 0.0220213 0.0147993 0.0362871 0.0362871 0.0138675 0.0099128 0.0068004 0.0263606 0.0310291 0.0328682 0.0311093 0.0116620 0.0330306 
