Substitution rate (mu): 1.0

Equilibrium frequencies (pi_i):
<<<<<<< HEAD
  A: 0.2804
  C: 0.2199
  G: 0.2288
  T: 0.2601
  -: 0.0109

Symmetrized rates from j->i (W_ij):
	A	C	G	T	-
  A	0	0.372	2.1587	0.1691	28.1345
  C	0.372	0	0.0723	2.6268	27.0614
  G	2.1587	0.0723	0	0.3074	27.675
  T	0.1691	2.6268	0.3074	0	27.4075
  -	28.1345	27.0614	27.675	27.4075	0

Actual rates from j->i (Q_ij):
	A	C	G	T	-
  A	0	0.1043	0.6053	0.0474	7.8891
  C	0.0818	0	0.0159	0.5775	5.9498
  G	0.4938	0.0165	0	0.0703	6.3311
  T	0.044	0.6831	0.08	0	7.1279
  -	0.3065	0.2948	0.3015	0.2986	0
=======
  A: 0.2785
  C: 0.2219
  G: 0.2319
  T: 0.2578
  -: 0.0099

Symmetrized rates from j->i (W_ij):
	A	C	G	T	-
  A	0	0.5206	2.8751	0.2453	3.4006
  C	0.5206	0	0.1723	3.702	3.6353
  G	2.8751	0.1723	0	0.3629	3.5884
  T	0.2453	3.702	0.3629	0	3.4804
  -	3.4006	3.6353	3.5884	3.4804	0

Actual rates from j->i (Q_ij):
	A	C	G	T	-
  A	0	0.145	0.8008	0.0683	0.9472
  C	0.1155	0	0.0382	0.8213	0.8066
  G	0.6667	0.04	0	0.0842	0.8321
  T	0.0632	0.9543	0.0936	0	0.8972
  -	0.0337	0.036	0.0356	0.0345	0
>>>>>>> 6e0136d3a251db2e9846c59f58f53de258319768

