167
EF564174                   0.0000000 0.0660892 0.0014914 0.0570742 0.0180974 0.0669409 0.0663110 0.0022424 0.0000010 0.0570742 0.0681661 0.0602407 0.0643372 0.0876349 0.0646174 0.0629364 0.0639893 0.0645206 0.1031141 0.1050875 0.1065158 0.1152940 0.1004532 0.1064783 0.1086760 0.1064582 0.1063731 0.1064582 0.1036846 0.1018681 0.1000533 0.1035777 0.1048621 0.1048621 0.1100760 0.1043028 0.1035777 0.1060214 0.1046915 0.1031141 0.1126755 0.1093744 0.1109124 0.1032257 0.1073765 0.1052434 0.1083869 0.1111314 0.1022444 0.1048787 0.1112835 0.1052272 0.1026977 0.1050848 0.1077493 0.1096067 0.1091311 0.1077493 0.1103032 0.1065187 0.1116693 0.1060027 0.1072869 0.1065187 0.1077214 0.1062574 0.1024597 0.1039950 0.1139272 0.1104215 0.1099615 0.1113579 0.1015437 0.1109124 0.1025418 0.1093337 0.1050130 0.1037747 0.1097051 0.1031750 0.1040769 0.1083869 0.1090627 0.1103209 0.1038800 0.1080562 0.1073176 0.1072977 0.1353669 0.1396412 0.1391771 0.1333428 0.1378097 0.1061629 0.1036759 0.1066135 0.1035777 0.1055944 0.1027445 0.1114775 0.1081276 0.0995096 0.1076315 0.1022997 0.1071116 0.1071116 0.1071116 0.1071116 0.1134121 0.1134121 0.1050483 0.1047973 0.1054880 0.1023624 0.1078906 0.1039239 0.1083718 0.1101351 0.1035777 0.1014260 0.1035777 0.1087399 0.1074386 0.1035777 0.1005499 0.1027445 0.1039604 0.1079029 0.1079029 0.1111937 0.1211764 0.0000010 0.1112135 0.1135241 0.1109633 0.1050960 0.1074335 0.1102143 0.1079029 0.1122405 0.1138889 0.1122405 0.1092086 0.1079029 0.1122405 0.1092251 0.1060850 0.1032466 0.1049434 0.1036415 0.1036415 0.1079029 0.1102929 0.1079029 0.1155729 0.1109603 0.1211764 0.1211764 0.1094973 0.1035777 0.1018767 0.1116462 0.1146024 0.1109697 0.1085108 0.0930670 0.1145108 
EU643590                   0.0660892 0.0000000 0.0660892 0.0204530 0.0793238 0.0254323 0.0230409 0.0650275 0.0660892 0.0204530 0.0246375 0.0230025 0.0264249 0.0869480 0.0668289 0.0612141 0.0622474 0.0640665 0.1260590 0.1228652 0.1199399 0.1368343 0.1206221 0.1217470 0.1239439 0.1251517 0.1224963 0.1251517 0.1214432 0.1208228 0.1191030 0.1211269 0.1224814 0.1224814 0.1280042 0.1219876 0.1211269 0.1236818 0.1224000 0.1260590 0.1282527 0.1274718 0.1290910 0.1243518 0.1270632 0.1234837 0.1236366 0.1282240 0.1196811 0.1224987 0.1294790 0.1230358 0.1252873 0.1227453 0.1231371 0.1249015 0.1216674 0.1231371 0.1258031 0.1243992 0.1298425 0.1236602 0.1225096 0.1243992 0.1256550 0.1241629 0.1199710 0.1241191 0.1295527 0.1285373 0.1280269 0.1268739 0.1217152 0.1290910 0.1232996 0.1273577 0.1255115 0.1215505 0.1250167 0.1208373 0.1250183 0.1236366 0.1245138 0.1279558 0.1255142 0.1285409 0.1225045 0.1250250 0.1356121 0.1421854 0.1467955 0.1438197 0.1454123 0.1238541 0.1239744 0.1215890 0.1211269 0.1250905 0.1229562 0.1295866 0.1243687 0.1221843 0.1203102 0.1197789 0.1248320 0.1248320 0.1248320 0.1248320 0.1343198 0.1343198 0.1254530 0.1224023 0.1232233 0.1198558 0.1284528 0.1241943 0.1290058 0.1281687 0.1211269 0.1239124 0.1211269 0.1293935 0.1279429 0.1211269 0.1210800 0.1229562 0.1217002 0.1256751 0.1256751 0.1322169 0.1323812 0.0000010 0.1267740 0.1244651 0.1288486 0.1255349 0.1253340 0.1213232 0.1256751 0.1304051 0.1322169 0.1304051 0.1270500 0.1256751 0.1304051 0.1219727 0.1239527 0.1207377 0.1253216 0.1212050 0.1212050 0.1256751 0.1281565 0.1256751 0.1308973 0.1273829 0.1323812 0.1323812 0.1328982 0.1211269 0.1192804 0.1256046 0.1336284 0.1188797 0.1151170 0.1079534 0.1290999 
FJ959397                   0.0014914 0.0660892 0.0000000 0.0550370 0.0164428 0.0648128 0.0641779 0.0007440 0.0014914 0.0550370 0.0660197 0.0581695 0.0622286 0.0852498 0.0624952 0.0608415 0.0618838 0.0624242 0.1005660 0.1050875 0.1039169 0.1125812 0.0979373 0.1038684 0.1060289 0.1038613 0.1037789 0.1038613 0.1011228 0.0993343 0.0975333 0.1010190 0.1022903 0.1022903 0.1074481 0.1017232 0.1010190 0.1034409 0.1021073 0.1005660 0.1100365 0.1067520 0.1082746 0.1006648 0.1047859 0.1026693 0.1057809 0.1084631 0.0997042 0.1023068 0.1086423 0.1026541 0.1001517 0.1025066 0.1077493 0.1069901 0.1065187 0.1077493 0.1103032 0.1039326 0.1090310 0.1034227 0.1046881 0.1039326 0.1051252 0.1036692 0.0999091 0.1014357 0.1112775 0.1077942 0.1073429 0.1087319 0.0990243 0.1082746 0.1000002 0.1067206 0.1024471 0.1012102 0.1070855 0.1006277 0.1015110 0.1057809 0.1090627 0.1076826 0.1038800 0.1054489 0.1047238 0.1047046 0.1324632 0.1366635 0.1362462 0.1304670 0.1348897 0.1035777 0.1011143 0.1040245 0.1010190 0.1030067 0.1001947 0.1088481 0.1047812 0.0969973 0.1042877 0.0997540 0.1045204 0.1045204 0.1045204 0.1045204 0.1107527 0.1107527 0.1024706 0.1022277 0.1028983 0.0998146 0.1052868 0.1013643 0.1057576 0.1075194 0.1010190 0.0988928 0.1010190 0.1061222 0.1048436 0.1010190 0.0980174 0.1001947 0.1039604 0.1053011 0.1053011 0.1085260 0.1184104 0.0000010 0.1085454 0.1108414 0.1083387 0.1025146 0.1048159 0.1075887 0.1053011 0.1095720 0.1111937 0.1095720 0.1065938 0.1053011 0.1095720 0.1058632 0.1035025 0.1006968 0.1023691 0.1010806 0.1010806 0.1053011 0.1076722 0.1053011 0.1129003 0.1075787 0.1184104 0.1184104 0.1068866 0.1010190 0.0993426 0.1090321 0.1119474 0.1083186 0.1058812 0.0905726 0.1117956 
GU358653                   0.0570742 0.0204530 0.0550370 0.0000000 0.0712546 0.0162623 0.0155435 0.0540281 0.0570742 0.0014878 0.0171005 0.0083429 0.0114821 0.0760380 0.0530765 0.0497431 0.0507137 0.0524702 0.1121840 0.1117421 0.1079764 0.1222253 0.1070149 0.1153090 0.1174268 0.1130023 0.1104450 0.1130023 0.1077298 0.1085217 0.1054728 0.1100554 0.1113592 0.1113592 0.1166587 0.1108261 0.1100554 0.1125279 0.1112219 0.1121840 0.1142775 0.1134625 0.1150101 0.1103976 0.1131248 0.1097183 0.1098348 0.1152745 0.1086886 0.1113760 0.1153830 0.1092756 0.1113508 0.1115957 0.1119824 0.1136842 0.1079719 0.1119824 0.1145556 0.1105757 0.1157610 0.1125082 0.1100408 0.1105757 0.1117834 0.1103207 0.1089289 0.1102179 0.1155262 0.1145078 0.1140386 0.1129619 0.1081034 0.1150101 0.1095738 0.1134072 0.1116619 0.1052401 0.1111488 0.1046358 0.1111602 0.1098348 0.1133073 0.1144261 0.1142797 0.1143893 0.1113798 0.1138223 0.1310731 0.1378143 0.1420010 0.1390874 0.1406437 0.1126798 0.1075589 0.1079051 0.1100554 0.1111820 0.1092077 0.1155568 0.1079502 0.1084904 0.1074532 0.1087581 0.1110036 0.1110036 0.1110036 0.1110036 0.1200356 0.1200356 0.1115585 0.1112895 0.1120239 0.1088256 0.1144353 0.1103993 0.1149371 0.1142055 0.1100554 0.1100400 0.1100554 0.1153097 0.1139667 0.1100554 0.1074181 0.1092077 0.1106053 0.1118018 0.1118018 0.1151566 0.1256803 0.0000010 0.1151307 0.1179730 0.1150405 0.1089944 0.1140194 0.1142075 0.1118018 0.1161930 0.1178636 0.1161930 0.1131133 0.1118018 0.1161930 0.1090493 0.1075402 0.1097050 0.1088322 0.1101241 0.1101241 0.1118018 0.1141949 0.1118018 0.1168125 0.1107875 0.1256803 0.1256803 0.1162213 0.1100554 0.1083098 0.1167471 0.1237272 0.1100805 0.1076530 0.0970332 0.1172894 
HQ317918                   0.0180974 0.0793238 0.0164428 0.0712546 0.0000000 0.0814195 0.0786223 0.0172687 0.0180974 0.0712546 0.0805795 0.0724521 0.0790710 0.1071788 0.0841084 0.0798562 0.0810032 0.0814578 0.1193922 0.1216987 0.1205536 0.1329758 0.1114670 0.1234057 0.1258704 0.1204839 0.1203828 0.1204839 0.1149389 0.1180413 0.1162976 0.1173630 0.1187310 0.1187310 0.1216999 0.1182120 0.1173630 0.1199484 0.1186283 0.1193922 0.1269846 0.1235643 0.1252000 0.1170151 0.1213706 0.1218963 0.1224813 0.1255933 0.1159123 0.1187486 0.1255927 0.1191026 0.1163990 0.1189915 0.1245729 0.1237708 0.1232599 0.1245729 0.1273099 0.1204775 0.1259683 0.1199269 0.1213316 0.1204775 0.1217471 0.1202298 0.1161909 0.1177809 0.1283081 0.1246482 0.1241376 0.1255820 0.1177974 0.1252000 0.1189512 0.1234655 0.1188465 0.1193708 0.1238873 0.1168925 0.1206667 0.1224813 0.1259866 0.1246161 0.1203857 0.1221480 0.1213296 0.1213062 0.1454977 0.1493297 0.1498783 0.1468235 0.1484603 0.1201176 0.1174785 0.1205899 0.1173630 0.1195584 0.1164698 0.1257218 0.1264324 0.1157066 0.1259249 0.1160020 0.1211101 0.1211101 0.1211101 0.1211101 0.1278437 0.1278437 0.1189522 0.1186534 0.1194633 0.1160773 0.1219629 0.1177136 0.1225048 0.1242907 0.1173630 0.1150459 0.1173630 0.1228946 0.1214603 0.1173630 0.1155244 0.1164698 0.1205106 0.1219616 0.1219616 0.1256565 0.1388381 0.0000010 0.1285672 0.1309938 0.1251802 0.1190235 0.1215837 0.1268934 0.1219616 0.1267131 0.1285313 0.1267131 0.1233518 0.1219616 0.1267131 0.1276391 0.1200239 0.1169786 0.1188269 0.1174396 0.1174396 0.1219616 0.1244780 0.1219616 0.1274578 0.1295106 0.1388381 0.1388381 0.1262327 0.1173630 0.1155100 0.1258043 0.1286508 0.1263460 0.1237378 0.1064160 0.1322177 
JQ970480                   0.0669409 0.0254323 0.0648128 0.0162623 0.0814195 0.0000000 0.0075759 0.0637594 0.0669409 0.0162623 0.0083571 0.0187383 0.0220686 0.0824485 0.0586065 0.0559271 0.0569322 0.0606893 0.1188995 0.1163246 0.1150087 0.1323416 0.1115049 0.1200143 0.1221891 0.1201532 0.1175335 0.1201532 0.1147325 0.1168180 0.1174093 0.1171036 0.1184411 0.1184411 0.1213416 0.1186595 0.1171036 0.1196314 0.1183391 0.1188995 0.1214206 0.1206213 0.1222075 0.1175247 0.1202478 0.1167491 0.1168835 0.1225566 0.1156855 0.1184582 0.1225887 0.1163042 0.1184707 0.1186952 0.1190861 0.1208289 0.1149664 0.1190861 0.1217215 0.1176378 0.1229593 0.1196105 0.1171059 0.1176378 0.1188711 0.1173912 0.1159571 0.1173187 0.1226969 0.1216781 0.1211870 0.1200715 0.1150560 0.1222075 0.1165849 0.1205373 0.1187384 0.1121821 0.1182324 0.1115318 0.1182393 0.1168835 0.1204455 0.1241892 0.1214369 0.1216210 0.1184633 0.1209584 0.1388810 0.1456453 0.1444242 0.1414793 0.1430538 0.1197964 0.1145471 0.1148937 0.1171036 0.1182876 0.1162303 0.1227292 0.1137214 0.1167369 0.1132213 0.1157726 0.1180675 0.1180675 0.1180675 0.1180675 0.1273427 0.1273427 0.1186568 0.1183654 0.1191555 0.1158462 0.1215995 0.1174467 0.1221282 0.1213424 0.1171036 0.1171261 0.1171036 0.1225091 0.1211089 0.1171036 0.1143947 0.1162303 0.1176694 0.1188904 0.1188904 0.1198616 0.1279475 0.0000010 0.1198491 0.1201555 0.1247437 0.1160358 0.1212264 0.1161535 0.1188904 0.1208983 0.1226180 0.1208983 0.1202355 0.1188904 0.1208983 0.1148483 0.1145271 0.1167283 0.1158527 0.1171783 0.1171783 0.1188904 0.1188143 0.1188904 0.1212886 0.1166208 0.1279475 0.1279475 0.1230484 0.1171036 0.1152921 0.1213724 0.1229998 0.1146697 0.1122047 0.1026612 0.1233890 
JX088694                   0.0663110 0.0230409 0.0641779 0.0155435 0.0786223 0.0075759 0.0000000 0.0631220 0.0663110 0.0155435 0.0045316 0.0180222 0.0213573 0.0864302 0.0620268 0.0552781 0.0562853 0.0600542 0.1195285 0.1165694 0.1125804 0.1319193 0.1117314 0.1202767 0.1224612 0.1176972 0.1150921 0.1176972 0.1149718 0.1170638 0.1169300 0.1173514 0.1186940 0.1186940 0.1216066 0.1158730 0.1173514 0.1198886 0.1185930 0.1195285 0.1216846 0.1208835 0.1224759 0.1177765 0.1205076 0.1169952 0.1171307 0.1228293 0.1159274 0.1187112 0.1228585 0.1165490 0.1187251 0.1189496 0.1193417 0.1210912 0.1152061 0.1193417 0.1219873 0.1178876 0.1232300 0.1198676 0.1173543 0.1178876 0.1191255 0.1176406 0.1162009 0.1175690 0.1229657 0.1219440 0.1214505 0.1203302 0.1152945 0.1224759 0.1168299 0.1207981 0.1189919 0.1124121 0.1184848 0.1117584 0.1184915 0.1171307 0.1207064 0.1244662 0.1217015 0.1218889 0.1187164 0.1212208 0.1356039 0.1452864 0.1440605 0.1411016 0.1426833 0.1200546 0.1147855 0.1151330 0.1173514 0.1185409 0.1164747 0.1229982 0.1157854 0.1154641 0.1152826 0.1160154 0.1183187 0.1183187 0.1183187 0.1183187 0.1276312 0.1276312 0.1189110 0.1186179 0.1194124 0.1160893 0.1218648 0.1176955 0.1223962 0.1216060 0.1173514 0.1173753 0.1173514 0.1227785 0.1213719 0.1173514 0.1146321 0.1164747 0.1179194 0.1164529 0.1164529 0.1201235 0.1282426 0.0000010 0.1201117 0.1204182 0.1250206 0.1162802 0.1214922 0.1163981 0.1164529 0.1211632 0.1228909 0.1211632 0.1177900 0.1164529 0.1211632 0.1169271 0.1147653 0.1169741 0.1160959 0.1174265 0.1174265 0.1164529 0.1190683 0.1164529 0.1242884 0.1187191 0.1282426 0.1282426 0.1236900 0.1173514 0.1155324 0.1216341 0.1232691 0.1149103 0.1124364 0.1028608 0.1220561 
KJ466147                   0.0022424 0.0650275 0.0007440 0.0540281 0.0172687 0.0637594 0.0631220 0.0000000 0.0022424 0.0540281 0.0649573 0.0571439 0.0611846 0.0864430 0.0635562 0.0618888 0.0629364 0.0634723 0.1018414 0.1063865 0.1052178 0.1139395 0.0991965 0.1051748 0.1073540 0.1051613 0.1050775 0.1051613 0.1024051 0.1006025 0.0987946 0.1022997 0.1035777 0.1035777 0.1087638 0.1030144 0.1022997 0.1047326 0.1034009 0.1018414 0.1113579 0.1080649 0.1095953 0.1019466 0.1060828 0.1039578 0.1070855 0.1097990 0.1009757 0.1035942 0.1099647 0.1039421 0.1014260 0.1037971 0.1090627 0.1083001 0.1078265 0.1090627 0.1116288 0.1052272 0.1103520 0.1047142 0.1059890 0.1052272 0.1064249 0.1049648 0.1011857 0.1027168 0.1126043 0.1091096 0.1086539 0.1100467 0.1002854 0.1095953 0.1012724 0.1080289 0.1037315 0.1024938 0.1083969 0.1019027 0.1027954 0.1070855 0.1103828 0.1090034 0.1051711 0.1067542 0.1060223 0.1060027 0.1310283 0.1351926 0.1347977 0.1290458 0.1334467 0.1048718 0.1023965 0.1053205 0.1022997 0.1043020 0.1014710 0.1101646 0.1064553 0.0982546 0.1059604 0.1010282 0.1058176 0.1058176 0.1058176 0.1058176 0.1120843 0.1120843 0.1037609 0.1035140 0.1041946 0.1010898 0.1065903 0.1026455 0.1070663 0.1088290 0.1022997 0.1001608 0.1022997 0.1074327 0.1061427 0.1022997 0.0992849 0.1014710 0.1052554 0.1066036 0.1066036 0.1098616 0.1197956 0.0000010 0.1098811 0.1121846 0.1096528 0.1038067 0.1061263 0.1089032 0.1066036 0.1109081 0.1125432 0.1109081 0.1079029 0.1066036 0.1109081 0.1075450 0.1047953 0.1019731 0.1036577 0.1023624 0.1023624 0.1066036 0.1089843 0.1066036 0.1115791 0.1092705 0.1197956 0.1197956 0.1081936 0.1022997 0.1006109 0.1103410 0.1132768 0.1096459 0.1071976 0.0918207 0.1131551 
KU946961                   0.0000010 0.0660892 0.0014914 0.0570742 0.0180974 0.0669409 0.0663110 0.0022424 0.0000000 0.0570742 0.0681661 0.0602407 0.0643372 0.0876349 0.0646174 0.0629364 0.0639893 0.0645206 0.1031141 0.1050875 0.1065158 0.1152940 0.1004532 0.1064783 0.1086760 0.1064582 0.1063731 0.1064582 0.1036846 0.1018681 0.1000533 0.1035777 0.1048621 0.1048621 0.1100760 0.1043028 0.1035777 0.1060214 0.1046915 0.1031141 0.1126755 0.1093744 0.1109124 0.1032257 0.1073765 0.1052434 0.1083869 0.1111314 0.1022444 0.1048787 0.1112835 0.1052272 0.1026977 0.1050848 0.1077493 0.1096067 0.1091311 0.1077493 0.1103032 0.1065187 0.1116693 0.1060027 0.1072869 0.1065187 0.1077214 0.1062574 0.1024597 0.1039950 0.1139272 0.1104215 0.1099615 0.1113579 0.1015437 0.1109124 0.1025418 0.1093337 0.1050130 0.1037747 0.1097051 0.1031750 0.1040769 0.1083869 0.1090627 0.1103209 0.1038800 0.1080562 0.1073176 0.1072977 0.1353669 0.1396412 0.1391771 0.1333428 0.1378097 0.1061629 0.1036759 0.1066135 0.1035777 0.1055944 0.1027445 0.1114775 0.1081276 0.0995096 0.1076315 0.1022997 0.1071116 0.1071116 0.1071116 0.1071116 0.1134121 0.1134121 0.1050483 0.1047973 0.1054880 0.1023624 0.1078906 0.1039239 0.1083718 0.1101351 0.1035777 0.1014260 0.1035777 0.1087399 0.1074386 0.1035777 0.1005499 0.1027445 0.1039604 0.1079029 0.1079029 0.1111937 0.1211764 0.0000010 0.1112135 0.1135241 0.1109633 0.1050960 0.1074335 0.1102143 0.1079029 0.1122405 0.1138889 0.1122405 0.1092086 0.1079029 0.1122405 0.1092251 0.1060850 0.1032466 0.1049434 0.1036415 0.1036415 0.1079029 0.1102929 0.1079029 0.1155729 0.1109603 0.1211764 0.1211764 0.1094973 0.1035777 0.1018767 0.1116462 0.1146024 0.1109697 0.1085108 0.0930670 0.1145108 
KX148264                   0.0570742 0.0204530 0.0550370 0.0014878 0.0712546 0.0162623 0.0155435 0.0540281 0.0570742 0.0000000 0.0171005 0.0083429 0.0114821 0.0739073 0.0511667 0.0478673 0.0488298 0.0505791 0.1146486 0.1142055 0.1104257 0.1222253 0.1094363 0.1153090 0.1174268 0.1154873 0.1129112 0.1154873 0.1101692 0.1109456 0.1079005 0.1125082 0.1138223 0.1138223 0.1191670 0.1132981 0.1125082 0.1149972 0.1136973 0.1146486 0.1167588 0.1159499 0.1175092 0.1128772 0.1156004 0.1097183 0.1122878 0.1178025 0.1111252 0.1138392 0.1178846 0.1117226 0.1138271 0.1140646 0.1144525 0.1161662 0.1104084 0.1144525 0.1170444 0.1130329 0.1182595 0.1149771 0.1124992 0.1130329 0.1142482 0.1127809 0.1113760 0.1126888 0.1180156 0.1169980 0.1165217 0.1154330 0.1081034 0.1175092 0.1095738 0.1158850 0.1141230 0.1076609 0.1136125 0.1070413 0.1111602 0.1122878 0.1157879 0.1169280 0.1167658 0.1169007 0.1138434 0.1163015 0.1310731 0.1378143 0.1420010 0.1390874 0.1406437 0.1151535 0.1099935 0.1103396 0.1125082 0.1136536 0.1116527 0.1180467 0.1111258 0.1084904 0.1106277 0.1112006 0.1134608 0.1134608 0.1134608 0.1134608 0.1225667 0.1225667 0.1140270 0.1137506 0.1145034 0.1112701 0.1169235 0.1128517 0.1174342 0.1166847 0.1125082 0.1125060 0.1125082 0.1178092 0.1164477 0.1125082 0.1074181 0.1116527 0.1130632 0.1142669 0.1142669 0.1176794 0.1282836 0.0000010 0.1176606 0.1205113 0.1175273 0.1114458 0.1165226 0.1166940 0.1142669 0.1187141 0.1204078 0.1187141 0.1155886 0.1142669 0.1187141 0.1122382 0.1099743 0.1121496 0.1112767 0.1125789 0.1125789 0.1142669 0.1166738 0.1142669 0.1193112 0.1139922 0.1282836 0.1282836 0.1187185 0.1125082 0.1107416 0.1192247 0.1262676 0.1125502 0.1101065 0.0994240 0.1198527 
KY451767                   0.0681661 0.0246375 0.0660197 0.0171005 0.0805795 0.0083571 0.0045316 0.0649573 0.0681661 0.0171005 0.0000000 0.0195933 0.0229454 0.0884308 0.0638456 0.0570493 0.0580626 0.0618442 0.1208412 0.1178703 0.1138685 0.1313885 0.1130063 0.1216129 0.1238134 0.1190083 0.1163911 0.1190083 0.1162675 0.1183623 0.1164508 0.1186560 0.1200052 0.1200052 0.1229359 0.1195002 0.1186560 0.1212040 0.1199108 0.1208412 0.1230075 0.1222094 0.1238092 0.1190961 0.1218266 0.1182966 0.1184356 0.1241787 0.1172220 0.1200225 0.1241934 0.1178496 0.1200433 0.1202641 0.1206569 0.1224148 0.1165002 0.1206569 0.1233145 0.1191947 0.1245637 0.1211828 0.1186623 0.1191947 0.1204377 0.1189495 0.1175016 0.1188834 0.1242940 0.1232722 0.1227747 0.1216466 0.1165806 0.1238092 0.1181274 0.1221184 0.1203020 0.1136959 0.1197965 0.1130335 0.1198022 0.1184356 0.1220283 0.1258123 0.1230271 0.1232288 0.1200279 0.1225425 0.1342600 0.1437930 0.1425892 0.1396723 0.1412307 0.1213725 0.1160784 0.1164259 0.1186560 0.1198563 0.1177742 0.1243268 0.1191051 0.1170195 0.1186018 0.1173135 0.1196266 0.1196266 0.1196266 0.1196266 0.1289858 0.1289858 0.1202253 0.1199279 0.1207330 0.1173886 0.1231919 0.1189998 0.1237283 0.1229277 0.1186560 0.1186869 0.1186560 0.1241122 0.1226949 0.1186560 0.1159228 0.1177742 0.1192269 0.1177521 0.1177521 0.1214593 0.1296200 0.0000010 0.1210196 0.1217539 0.1263580 0.1175835 0.1228275 0.1177002 0.1177521 0.1224988 0.1242405 0.1224988 0.1190957 0.1177521 0.1224988 0.1202629 0.1160580 0.1182739 0.1173951 0.1187323 0.1187323 0.1177521 0.1203795 0.1177521 0.1256227 0.1220739 0.1296200 0.1296200 0.1250235 0.1186560 0.1168243 0.1229464 0.1273537 0.1162135 0.1137291 0.1041178 0.1237110 
MG201919                   0.0602407 0.0230025 0.0581695 0.0083429 0.0724521 0.0187383 0.0180222 0.0571439 0.0602407 0.0083429 0.0195933 0.0000000 0.0060337 0.0794195 0.0560654 0.0526734 0.0536585 0.0554289 0.1213445 0.1208955 0.1145648 0.1318717 0.1159970 0.1195619 0.1217324 0.1197048 0.1170876 0.1197048 0.1167819 0.1175185 0.1144710 0.1191649 0.1205113 0.1205113 0.1259976 0.1200100 0.1191649 0.1217070 0.1204199 0.1213445 0.1235058 0.1199853 0.1243080 0.1168941 0.1223283 0.1188055 0.1189454 0.1246819 0.1177323 0.1205285 0.1246911 0.1156835 0.1178401 0.1207705 0.1184565 0.1229158 0.1143496 0.1184565 0.1210839 0.1170130 0.1223175 0.1216857 0.1191725 0.1170130 0.1209424 0.1167658 0.1180133 0.1166907 0.1247888 0.1237714 0.1232745 0.1221481 0.1170900 0.1243080 0.1186355 0.1226193 0.1208064 0.1142148 0.1203036 0.1135511 0.1203090 0.1189454 0.1198116 0.1263071 0.1235264 0.1209775 0.1205340 0.1230423 0.1326893 0.1421933 0.1407645 0.1378581 0.1394098 0.1218757 0.1165924 0.1142775 0.1191649 0.1203647 0.1156102 0.1248216 0.1178928 0.1175304 0.1209071 0.1178249 0.1201329 0.1201329 0.1201329 0.1201329 0.1294692 0.1294692 0.1180279 0.1204338 0.1212399 0.1179002 0.1236910 0.1195073 0.1242270 0.1234259 0.1191649 0.1164996 0.1191649 0.1246098 0.1231946 0.1191649 0.1164365 0.1156102 0.1170444 0.1182622 0.1182622 0.1217763 0.1327491 0.0000010 0.1219626 0.1248380 0.1268471 0.1180960 0.1233312 0.1196649 0.1182622 0.1228100 0.1245450 0.1228100 0.1196032 0.1182622 0.1228100 0.1225703 0.1165720 0.1187824 0.1179067 0.1192413 0.1192413 0.1182622 0.1206964 0.1182622 0.1233711 0.1243839 0.1327491 0.1327491 0.1280822 0.1191649 0.1173351 0.1221935 0.1306166 0.1142249 0.1142514 0.1022191 0.1242201 
MG201921                   0.0643372 0.0264249 0.0622286 0.0114821 0.0790710 0.0220686 0.0213573 0.0611846 0.0643372 0.0114821 0.0229454 0.0060337 0.0000000 0.0816669 0.0580606 0.0546310 0.0556254 0.0574042 0.1194851 0.1190387 0.1154083 0.1302588 0.1141852 0.1163422 0.1184775 0.1205528 0.1179331 0.1205528 0.1176240 0.1183541 0.1126598 0.1200080 0.1213559 0.1213559 0.1268499 0.1208586 0.1200080 0.1225519 0.1212689 0.1194851 0.1216285 0.1194824 0.1224147 0.1167822 0.1204584 0.1169663 0.1197892 0.1227653 0.1185718 0.1213731 0.1227950 0.1138690 0.1159976 0.1216168 0.1166169 0.1237636 0.1125468 0.1166169 0.1192230 0.1151872 0.1204457 0.1225305 0.1200178 0.1151872 0.1190844 0.1176079 0.1188562 0.1148555 0.1229019 0.1218861 0.1227834 0.1229928 0.1152752 0.1224147 0.1168020 0.1207472 0.1189516 0.1150546 0.1211490 0.1143864 0.1184540 0.1197892 0.1179603 0.1243926 0.1243743 0.1190995 0.1213788 0.1238887 0.1297969 0.1391812 0.1377782 0.1349005 0.1364349 0.1227219 0.1174331 0.1151145 0.1200080 0.1212123 0.1164487 0.1256689 0.1189874 0.1157036 0.1220082 0.1186665 0.1209761 0.1209761 0.1209761 0.1209761 0.1303240 0.1303240 0.1188710 0.1212779 0.1220892 0.1187423 0.1245395 0.1203495 0.1250777 0.1242715 0.1200080 0.1173440 0.1200080 0.1254607 0.1254488 0.1200080 0.1172760 0.1164487 0.1178852 0.1191036 0.1191036 0.1226324 0.1307651 0.0000010 0.1200640 0.1229248 0.1276961 0.1189405 0.1241857 0.1178870 0.1191036 0.1236639 0.1254044 0.1236639 0.1204461 0.1191036 0.1236639 0.1236731 0.1174126 0.1196231 0.1187488 0.1200850 0.1200850 0.1191036 0.1215389 0.1191036 0.1242164 0.1273385 0.1307651 0.1307651 0.1261677 0.1200080 0.1181737 0.1217665 0.1314677 0.1124062 0.1124324 0.1030600 0.1197084 
FJ712195                   0.0876349 0.0869480 0.0852498 0.0760380 0.1071788 0.0824485 0.0864302 0.0864430 0.0876349 0.0739073 0.0884308 0.0794195 0.0816669 0.0000000 0.0244653 0.0413528 0.0423073 0.0459532 0.1296795 0.1269286 0.1284553 0.1406287 0.1210282 0.1251252 0.1302974 0.1312735 0.1284786 0.1312735 0.1254577 0.1205666 0.1209539 0.1279687 0.1265336 0.1265336 0.1352442 0.1289155 0.1279687 0.1306569 0.1293513 0.1296795 0.1352512 0.1311735 0.1315049 0.1272979 0.1298691 0.1273694 0.1277468 0.1319794 0.1264250 0.1294165 0.1338614 0.1297692 0.1292758 0.1296886 0.1325576 0.1319590 0.1254786 0.1325576 0.1353822 0.1283276 0.1313189 0.1306333 0.1280023 0.1283276 0.1269808 0.1283008 0.1267578 0.1280629 0.1366167 0.1328697 0.1323309 0.1337986 0.1255027 0.1315049 0.1271674 0.1287432 0.1296918 0.1227384 0.1291902 0.1219955 0.1289768 0.1277468 0.1340196 0.1352355 0.1325984 0.1326925 0.1294239 0.1320742 0.1677176 0.1755840 0.1774002 0.1708088 0.1758829 0.1279687 0.1252438 0.1253945 0.1279687 0.1292769 0.1296812 0.1351948 0.1221048 0.1260104 0.1218496 0.1265461 0.1289865 0.1289865 0.1289865 0.1289865 0.1369278 0.1369278 0.1296469 0.1293105 0.1302148 0.1266314 0.1327786 0.1283171 0.1314150 0.1351584 0.1279687 0.1278415 0.1279687 0.1337692 0.1322404 0.1279687 0.1277071 0.1296812 0.1310267 0.1296556 0.1296556 0.1308721 0.1445924 0.0000010 0.1286483 0.1362006 0.1360968 0.1268623 0.1291111 0.1323107 0.1296556 0.1346300 0.1365419 0.1346300 0.1310900 0.1296556 0.1346300 0.1235371 0.1278655 0.1275416 0.1266380 0.1280553 0.1280553 0.1296556 0.1322364 0.1296556 0.1380322 0.1253776 0.1445924 0.1445924 0.1368213 0.1279687 0.1259993 0.1321987 0.1417691 0.1275965 0.1262946 0.1161968 0.1384420 
FJ712196                   0.0646174 0.0668289 0.0624952 0.0530765 0.0841084 0.0586065 0.0620268 0.0635562 0.0646174 0.0511667 0.0638456 0.0560654 0.0580606 0.0244653 0.0000000 0.0198803 0.0207241 0.0240402 0.1181770 0.1181037 0.1195036 0.1282908 0.1124838 0.1171604 0.1193199 0.1221853 0.1195248 0.1221853 0.1166746 0.1120568 0.1099254 0.1190794 0.1204382 0.1204382 0.1259760 0.1199319 0.1190794 0.1216450 0.1203455 0.1181770 0.1260329 0.1220906 0.1224275 0.1183632 0.1222721 0.1160149 0.1188579 0.1227818 0.1176341 0.1204556 0.1222611 0.1180829 0.1202889 0.1206997 0.1234607 0.1228650 0.1167265 0.1234607 0.1261502 0.1194348 0.1222611 0.1216235 0.1190869 0.1194348 0.1208733 0.1193759 0.1179172 0.1191235 0.1273362 0.1237286 0.1232271 0.1246521 0.1143158 0.1224275 0.1158515 0.1225659 0.1207362 0.1140845 0.1202285 0.1134155 0.1175128 0.1188579 0.1248497 0.1262884 0.1234814 0.1234916 0.1230163 0.1229928 0.1466353 0.1555878 0.1554490 0.1493597 0.1540333 0.1218152 0.1164835 0.1166517 0.1190794 0.1202899 0.1180069 0.1259835 0.1198540 0.1147432 0.1195957 0.1177272 0.1200564 0.1200564 0.1200564 0.1200564 0.1276032 0.1276032 0.1206605 0.1203601 0.1211732 0.1178031 0.1236475 0.1194250 0.1223475 0.1259501 0.1190794 0.1189257 0.1190794 0.1221813 0.1231465 0.1190794 0.1163263 0.1180069 0.1220108 0.1207034 0.1207034 0.1243096 0.1330097 0.0000010 0.1177769 0.1276474 0.1268337 0.1180005 0.1232840 0.1167566 0.1207034 0.1253507 0.1271265 0.1253507 0.1220670 0.1207034 0.1253507 0.1212525 0.1189880 0.1186936 0.1178097 0.1191565 0.1191565 0.1207034 0.1231740 0.1207034 0.1286834 0.1230586 0.1330097 0.1330097 0.1275090 0.1190794 0.1172333 0.1181568 0.1270511 0.1168698 0.1156227 0.1068947 0.1270537 
GU647092                   0.0629364 0.0612141 0.0608415 0.0497431 0.0798562 0.0559271 0.0552781 0.0618888 0.0629364 0.0478673 0.0570493 0.0526734 0.0546310 0.0413528 0.0198803 0.0000000 0.0007439 0.0115086 0.1207552 0.1204929 0.1217209 0.1317256 0.1153982 0.1193899 0.1188006 0.1218433 0.1191966 0.1218433 0.1163616 0.1142406 0.1091758 0.1187549 0.1201067 0.1201067 0.1256144 0.1196012 0.1187549 0.1213075 0.1200126 0.1207552 0.1231140 0.1217491 0.1220851 0.1180394 0.1219312 0.1161310 0.1185341 0.1224338 0.1173177 0.1201239 0.1243023 0.1177639 0.1199569 0.1203662 0.1205708 0.1225205 0.1164144 0.1205708 0.1232275 0.1191089 0.1219199 0.1212862 0.1187615 0.1191089 0.1205398 0.1190492 0.1175982 0.1187971 0.1244025 0.1233794 0.1228810 0.1217508 0.1144399 0.1220851 0.1159681 0.1222235 0.1204038 0.1111310 0.1198976 0.1131199 0.1176214 0.1185341 0.1219418 0.1259238 0.1231339 0.1231410 0.1201294 0.1226483 0.1422115 0.1537569 0.1536327 0.1476003 0.1522291 0.1214764 0.1161720 0.1163402 0.1187549 0.1199579 0.1176885 0.1230666 0.1219738 0.1148656 0.1217202 0.1174096 0.1197272 0.1197272 0.1197272 0.1197272 0.1272338 0.1272338 0.1203273 0.1200291 0.1208363 0.1174849 0.1232989 0.1190992 0.1220057 0.1230340 0.1187549 0.1186007 0.1187549 0.1242208 0.1228010 0.1187549 0.1164409 0.1176885 0.1191411 0.1203712 0.1203712 0.1239538 0.1299584 0.0000010 0.1174546 0.1246770 0.1264694 0.1176805 0.1229347 0.1177973 0.1203712 0.1249908 0.1267553 0.1249908 0.1217277 0.1203712 0.1249908 0.1233943 0.1186642 0.1183718 0.1200145 0.1188314 0.1188314 0.1203712 0.1228295 0.1203712 0.1283093 0.1252200 0.1299584 0.1299584 0.1275067 0.1187549 0.1169191 0.1203424 0.1274661 0.1090730 0.1078569 0.1016447 0.1240559 
JQ946087                   0.0639893 0.0622474 0.0618838 0.0507137 0.0810032 0.0569322 0.0562853 0.0629364 0.0639893 0.0488298 0.0580626 0.0536585 0.0556254 0.0423073 0.0207241 0.0007439 0.0000000 0.0123050 0.1221120 0.1218512 0.1230910 0.1331563 0.1167279 0.1207602 0.1201730 0.1232150 0.1205564 0.1232150 0.1177046 0.1155664 0.1104840 0.1201067 0.1214649 0.1214649 0.1270012 0.1209643 0.1201067 0.1226699 0.1213778 0.1221120 0.1244837 0.1231206 0.1234547 0.1194000 0.1232971 0.1174662 0.1198863 0.1238199 0.1186593 0.1214822 0.1256840 0.1191089 0.1213196 0.1217279 0.1219302 0.1238911 0.1177528 0.1219302 0.1245988 0.1204603 0.1232872 0.1226483 0.1201168 0.1204603 0.1218989 0.1204053 0.1189462 0.1201562 0.1257773 0.1247546 0.1242521 0.1231140 0.1157597 0.1234547 0.1172994 0.1235905 0.1217607 0.1124491 0.1212565 0.1144421 0.1189659 0.1198863 0.1233078 0.1273169 0.1245063 0.1245255 0.1214880 0.1240169 0.1436712 0.1552854 0.1551495 0.1490910 0.1537408 0.1228413 0.1175122 0.1176775 0.1201067 0.1213206 0.1190324 0.1244353 0.1237478 0.1161936 0.1234991 0.1187549 0.1210821 0.1210821 0.1210821 0.1210821 0.1286242 0.1286242 0.1216887 0.1213862 0.1222043 0.1188314 0.1246729 0.1204506 0.1233741 0.1244025 0.1201067 0.1199569 0.1201067 0.1256014 0.1241709 0.1201067 0.1177786 0.1190324 0.1204929 0.1217277 0.1217277 0.1253451 0.1313801 0.0000010 0.1188189 0.1260685 0.1278531 0.1190312 0.1215471 0.1191466 0.1217277 0.1263813 0.1281601 0.1263813 0.1230906 0.1217277 0.1263813 0.1251823 0.1200145 0.1197186 0.1186530 0.1201843 0.1201843 0.1217277 0.1241950 0.1217277 0.1297001 0.1270186 0.1313801 0.1313801 0.1288944 0.1201067 0.1182581 0.1216883 0.1288512 0.1103890 0.1091677 0.1029374 0.1254609 
KF726852                   0.0645206 0.0640665 0.0624242 0.0524702 0.0814578 0.0606893 0.0600542 0.0634723 0.0645206 0.0505791 0.0618442 0.0554289 0.0574042 0.0459532 0.0240402 0.0115086 0.0123050 0.0000000 0.1218349 0.1215757 0.1228036 0.1325627 0.1164972 0.1234346 0.1256416 0.1229263 0.1202906 0.1229263 0.1174641 0.1153454 0.1125045 0.1198460 0.1211925 0.1211925 0.1266800 0.1206948 0.1198460 0.1223873 0.1211047 0.1218349 0.1241856 0.1228327 0.1231646 0.1198706 0.1230090 0.1194858 0.1196272 0.1235234 0.1184117 0.1212097 0.1253741 0.1188572 0.1217709 0.1214527 0.1216540 0.1235974 0.1175128 0.1216540 0.1242995 0.1201970 0.1229989 0.1223660 0.1198554 0.1201970 0.1216230 0.1201414 0.1186951 0.1206184 0.1254682 0.1244533 0.1239555 0.1228279 0.1177664 0.1231646 0.1193141 0.1232999 0.1214862 0.1148971 0.1209856 0.1142303 0.1209904 0.1196272 0.1230196 0.1269918 0.1242075 0.1249502 0.1212153 0.1237227 0.1427759 0.1542662 0.1541390 0.1481396 0.1527435 0.1225569 0.1172737 0.1174382 0.1198460 0.1210484 0.1187815 0.1241378 0.1216432 0.1182100 0.1213912 0.1185059 0.1208132 0.1208132 0.1208132 0.1208132 0.1282896 0.1282896 0.1214139 0.1211146 0.1219242 0.1185815 0.1243724 0.1201873 0.1230849 0.1241053 0.1198460 0.1204202 0.1198460 0.1252923 0.1238752 0.1198460 0.1198000 0.1187815 0.1202292 0.1214536 0.1214536 0.1250357 0.1353099 0.0000010 0.1226867 0.1299558 0.1275260 0.1157567 0.1240178 0.1215999 0.1214536 0.1260640 0.1278256 0.1260640 0.1228047 0.1214536 0.1260640 0.1230471 0.1197548 0.1182224 0.1210999 0.1199228 0.1199228 0.1214536 0.1239000 0.1214536 0.1293572 0.1248527 0.1353099 0.1353099 0.1285584 0.1198460 0.1180140 0.1227686 0.1312935 0.1141847 0.1129577 0.1054222 0.1293912 
AB573762                   0.1031141 0.1260590 0.1005660 0.1121840 0.1193922 0.1188995 0.1195285 0.1018414 0.1031141 0.1146486 0.1208412 0.1213445 0.1194851 0.1296795 0.1181770 0.1207552 0.1221120 0.1218349 0.0000000 0.0170913 0.0139472 0.0472221 0.0106755 0.0366521 0.0402082 0.0139432 0.0123399 0.0139432 0.0139358 0.0099164 0.0349950 0.0162788 0.0170947 0.0170947 0.0203863 0.0187539 0.0162788 0.0179010 0.0171116 0.0000010 0.0187060 0.0179263 0.0155371 0.0171791 0.0179186 0.0341355 0.0180238 0.0157078 0.0154984 0.0154847 0.0179063 0.0170888 0.0187274 0.0155075 0.0187242 0.0171887 0.0179081 0.0187242 0.0203754 0.0162722 0.0195388 0.0146716 0.0155820 0.0162722 0.0187198 0.0139463 0.0162916 0.0179243 0.0195245 0.0170933 0.0179051 0.0178840 0.0325224 0.0155371 0.0323326 0.0187310 0.0170673 0.0163653 0.0171990 0.0138628 0.0332616 0.0180238 0.0195524 0.0204040 0.0195567 0.0204171 0.0203829 0.0170947 0.1638644 0.1710933 0.1668232 0.1636822 0.1682440 0.0162945 0.0155277 0.0179014 0.0146716 0.0171183 0.0170824 0.0195303 0.0137663 0.0323690 0.0117584 0.0154816 0.0155554 0.0155554 0.0155554 0.0155554 0.0187898 0.0187898 0.0147506 0.0138736 0.0155599 0.0154725 0.0170870 0.0178892 0.0155314 0.0186989 0.0146716 0.0179043 0.0146716 0.0178996 0.0178983 0.0146716 0.0306796 0.0170824 0.0178946 0.0187230 0.0187230 0.0248341 0.0417708 0.0000010 0.0345722 0.0344604 0.0195359 0.0163482 0.0181638 0.0334042 0.0187230 0.0229993 0.0238747 0.0229993 0.0195497 0.0187230 0.0229993 0.0127708 0.0155254 0.0122797 0.0147274 0.0162849 0.0162849 0.0187230 0.0203539 0.0187230 0.0253863 0.0147959 0.0417708 0.0417708 0.0075741 0.0146716 0.0114763 0.0315550 0.0363688 0.0382861 0.0364860 0.0149021 0.0366505 
AB573763                   0.1050875 0.1228652 0.1050875 0.1117421 0.1216987 0.1163246 0.1165694 0.1063865 0.1050875 0.1142055 0.1178703 0.1208955 0.1190387 0.1269286 0.1181037 0.1204929 0.1218512 0.1215757 0.0170913 0.0000000 0.0171988 0.0442326 0.0154590 0.0366957 0.0402561 0.0155704 0.0139521 0.0155704 0.0155619 0.0162858 0.0333108 0.0179190 0.0187428 0.0187428 0.0204100 0.0204197 0.0179190 0.0179217 0.0187618 0.0170913 0.0091248 0.0091455 0.0076157 0.0099313 0.0083602 0.0324197 0.0196902 0.0076977 0.0171342 0.0171190 0.0083542 0.0075781 0.0091343 0.0171444 0.0075750 0.0172087 0.0083554 0.0075750 0.0091299 0.0068040 0.0099111 0.0162976 0.0172267 0.0068040 0.0091310 0.0155738 0.0179332 0.0083625 0.0099048 0.0075797 0.0083537 0.0099089 0.0308111 0.0076157 0.0306305 0.0091362 0.0106978 0.0180140 0.0188573 0.0154802 0.0315511 0.0196902 0.0083525 0.0204076 0.0212281 0.0107219 0.0203864 0.0203836 0.1577152 0.1676380 0.1577649 0.1546907 0.1591622 0.0179364 0.0171660 0.0099181 0.0162976 0.0091517 0.0091337 0.0114865 0.0097437 0.0306649 0.0179346 0.0154846 0.0171969 0.0171969 0.0171969 0.0171969 0.0123379 0.0123379 0.0163853 0.0154927 0.0172023 0.0171055 0.0091357 0.0099116 0.0091790 0.0106924 0.0162976 0.0099194 0.0162976 0.0099167 0.0099161 0.0162976 0.0272390 0.0091337 0.0083496 0.0107054 0.0107054 0.0148579 0.0407575 0.0000010 0.0353823 0.0334919 0.0212053 0.0179952 0.0198399 0.0325470 0.0107054 0.0131621 0.0139821 0.0131621 0.0114971 0.0107054 0.0131621 0.0189797 0.0171634 0.0138839 0.0179862 0.0179257 0.0179257 0.0107054 0.0107016 0.0107054 0.0171047 0.0107513 0.0407575 0.0407575 0.0204061 0.0162976 0.0130714 0.0280998 0.0336967 0.0391049 0.0373016 0.0141057 0.0374695 
EU086200                   0.1065158 0.1199399 0.1039169 0.1079764 0.1205536 0.1150087 0.1125804 0.1052178 0.1065158 0.1104257 0.1138685 0.1145648 0.1154083 0.1284553 0.1195036 0.1217209 0.1230910 0.1228036 0.0139472 0.0171988 0.0000000 0.0456860 0.0107519 0.0380289 0.0416468 0.0045030 0.0029894 0.0045030 0.0124173 0.0115468 0.0352607 0.0147636 0.0155778 0.0155778 0.0188633 0.0188723 0.0147636 0.0163836 0.0155930 0.0139472 0.0171886 0.0180393 0.0156501 0.0180412 0.0163999 0.0326264 0.0164965 0.0158233 0.0139818 0.0139694 0.0163884 0.0171962 0.0188455 0.0139900 0.0188423 0.0156640 0.0163744 0.0188423 0.0205042 0.0163744 0.0180191 0.0147636 0.0140577 0.0163744 0.0172012 0.0124266 0.0147752 0.0180373 0.0180060 0.0155766 0.0163873 0.0163683 0.0310074 0.0156501 0.0308254 0.0172115 0.0171912 0.0148428 0.0156733 0.0123520 0.0317518 0.0164965 0.0196759 0.0188794 0.0180354 0.0205465 0.0188603 0.0172023 0.1626911 0.1699489 0.1656607 0.1625003 0.1670913 0.0147777 0.0140089 0.0163683 0.0131584 0.0155993 0.0171898 0.0180114 0.0169820 0.0308603 0.0128770 0.0139666 0.0140339 0.0140339 0.0140339 0.0140339 0.0189273 0.0189273 0.0132298 0.0139605 0.0140376 0.0139584 0.0155708 0.0163730 0.0156443 0.0171821 0.0131584 0.0180171 0.0131584 0.0163823 0.0163812 0.0131584 0.0274102 0.0171898 0.0180073 0.0171874 0.0171874 0.0232663 0.0420966 0.0000010 0.0348380 0.0347243 0.0180163 0.0148270 0.0166282 0.0327553 0.0171874 0.0214444 0.0223152 0.0214444 0.0180116 0.0171874 0.0214444 0.0139034 0.0140067 0.0107703 0.0132090 0.0147690 0.0147690 0.0171874 0.0188154 0.0171874 0.0238342 0.0159551 0.0420966 0.0420966 0.0188600 0.0131584 0.0099697 0.0300124 0.0348103 0.0349052 0.0349166 0.0117476 0.0387714 
EU086201                   0.1152940 0.1368343 0.1125812 0.1222253 0.1329758 0.1323416 0.1319193 0.1139395 0.1152940 0.1222253 0.1313885 0.1318717 0.1302588 0.1406287 0.1282908 0.1317256 0.1331563 0.1325627 0.0472221 0.0442326 0.0456860 0.0000000 0.0396577 0.0555799 0.0595798 0.0456688 0.0437437 0.0456688 0.0398949 0.0482326 0.0279365 0.0455874 0.0465649 0.0465649 0.0497011 0.0497891 0.0455874 0.0475029 0.0461287 0.0472221 0.0480371 0.0472007 0.0464002 0.0464252 0.0452196 0.0150895 0.0466723 0.0469616 0.0447176 0.0446733 0.0471397 0.0461625 0.0481093 0.0447474 0.0480934 0.0457130 0.0471367 0.0480934 0.0500455 0.0451898 0.0471397 0.0455874 0.0447871 0.0451898 0.0442418 0.0437751 0.0456263 0.0471911 0.0489961 0.0461864 0.0452409 0.0470600 0.0135131 0.0464002 0.0134339 0.0453682 0.0442090 0.0447165 0.0456918 0.0416172 0.0142700 0.0466723 0.0490806 0.0505682 0.0475173 0.0501887 0.0484886 0.0484811 0.1673837 0.1715878 0.1672187 0.1640085 0.1686707 0.0456405 0.0436785 0.0471148 0.0436940 0.0443237 0.0461412 0.0490101 0.0475554 0.0126334 0.0457149 0.0427298 0.0437183 0.0437183 0.0437183 0.0437183 0.0502400 0.0502400 0.0447257 0.0446425 0.0449041 0.0446353 0.0461651 0.0432589 0.0463787 0.0480147 0.0436940 0.0471302 0.0436940 0.0471178 0.0452201 0.0436940 0.0151262 0.0461412 0.0470930 0.0480897 0.0480897 0.0536639 0.0608745 0.0000010 0.0549782 0.0567650 0.0494364 0.0446732 0.0481379 0.0437191 0.0480897 0.0513539 0.0524383 0.0513539 0.0490730 0.0480897 0.0513539 0.0469305 0.0455634 0.0416373 0.0465403 0.0436636 0.0436636 0.0480897 0.0480673 0.0480897 0.0519573 0.0464061 0.0608745 0.0608745 0.0512076 0.0436940 0.0406514 0.0465253 0.0484234 0.0550021 0.0530282 0.0385660 0.0584466 
EU086202                   0.1004532 0.1206221 0.0979373 0.1070149 0.1114670 0.1115049 0.1117314 0.0991965 0.1004532 0.1094363 0.1130063 0.1159970 0.1141852 0.1210282 0.1124838 0.1153982 0.1167279 0.1164972 0.0106755 0.0154590 0.0107519 0.0396577 0.0000000 0.0340633 0.0375847 0.0107489 0.0091735 0.0107489 0.0060693 0.0114727 0.0297163 0.0099115 0.0106990 0.0106990 0.0138788 0.0138854 0.0099115 0.0114821 0.0107088 0.0106755 0.0154499 0.0162842 0.0139263 0.0155382 0.0146707 0.0288730 0.0131522 0.0140787 0.0099264 0.0107019 0.0146605 0.0154567 0.0170794 0.0107175 0.0170766 0.0123422 0.0162679 0.0170766 0.0187119 0.0146483 0.0162662 0.0114803 0.0107691 0.0146483 0.0154611 0.0091803 0.0107019 0.0162825 0.0162548 0.0138612 0.0146595 0.0146429 0.0272811 0.0139263 0.0271230 0.0154702 0.0138408 0.0099169 0.0123493 0.0083501 0.0280194 0.0131522 0.0178964 0.0138898 0.0130782 0.0187494 0.0138771 0.0122746 0.1493727 0.1561381 0.1521302 0.1491080 0.1535083 0.0114910 0.0099001 0.0162619 0.0099115 0.0138811 0.0154510 0.0162596 0.0158100 0.0271532 0.0097505 0.0106997 0.0107514 0.0107514 0.0107514 0.0107514 0.0171532 0.0171532 0.0099651 0.0106952 0.0107538 0.0106936 0.0138561 0.0146470 0.0139212 0.0154443 0.0099115 0.0162645 0.0099115 0.0146551 0.0146542 0.0099115 0.0254980 0.0154510 0.0162559 0.0170755 0.0170755 0.0231108 0.0362607 0.0000010 0.0309826 0.0291424 0.0146581 0.0106897 0.0132618 0.0281385 0.0170755 0.0213024 0.0221669 0.0213024 0.0178940 0.0170755 0.0213024 0.0107530 0.0098986 0.0075786 0.0091237 0.0114844 0.0114844 0.0170755 0.0186924 0.0170755 0.0220128 0.0147959 0.0362607 0.0362607 0.0138642 0.0099115 0.0067996 0.0263502 0.0310078 0.0328437 0.0310871 0.0116598 0.0330022 
