206
EU478492   0.0000000 0.0334493 0.0315901 0.0315901 0.0333583 0.0342185 0.0350002 0.0342394 0.0307300 0.0083661 0.0341105 0.0341105 0.0324586 0.0316037 0.0314898 0.0325074 0.0349959 0.0315999 0.0325074 0.0324829 0.0075936 0.0324687 0.0314747 0.0014958 0.0324586 0.0342394 0.0324586 0.0349848 0.0314950 0.0306647 0.0325067 0.0325169 0.0325169 0.0339693 0.0322149 0.0392802 0.0339693 0.0392802 0.0383942 0.0401822 0.0409752 0.0401822 0.0383942 0.0403506 0.0401691 0.0419635 0.0410745 0.0401631 0.0410745 0.0348390 0.0330923 0.0410745 0.0307501 0.0350002 0.0333542 0.0314747 0.0333542 0.0352499 0.0741714 0.0696928 0.0697453 0.0706167 0.0665928 0.0205092 0.0205092 0.0213414 0.0213352 0.0213229 0.0213229 0.0213377 0.0068180 0.0068162 0.0123382 0.0197649 0.0197649 0.0173001 0.0155468 0.0163503 0.0187805 0.0195943 0.0171377 0.0163240 0.0162794 0.0155242 0.0163263 0.0147204 0.0139235 0.0179533 0.0171556 0.0139177 0.0179911 0.0155815 0.0180044 0.0314717 0.0280320 0.0280320 0.0288796 0.0254069 0.0449484 0.0366249 0.0392802 0.0366034 0.0339663 0.0339663 0.0312948 0.0322149 0.0349958 0.0358931 0.0419635 0.0350155 0.0350155 0.0350155 0.0350155 0.0368260 0.0358931 0.0419635 0.0359322 0.0429113 0.0428553 0.0367855 0.0359228 0.0358931 0.0358931 0.0428553 0.0279020 0.0314717 0.0172309 0.0197202 0.0230540 0.0229857 0.0267644 0.0221890 0.0139177 0.0155281 0.0692192 0.0360608 0.0428553 0.0349992 0.0428617 0.0385966 0.0171918 0.0147221 0.0163477 0.0171659 0.0155220 0.0155220 0.0147888 0.0147204 0.0163286 0.0163309 0.0139235 0.0163929 0.0139235 0.0147204 0.0171676 0.0155281 0.0163851 0.0770713 0.0445105 0.0835132 0.0147338 0.0358938 0.0824714 0.0669745 0.2216524 0.2232660 0.2154437 0.2213747 0.2259516 0.2244984 0.2244984 0.2163355 0.0341328 0.0383685 0.0367127 0.0340681 0.0323960 0.0357231 0.0383685 0.0367127 0.0357231 0.0375405 0.0357231 0.0367127 0.0358842 0.0376076 0.0385088 0.0292036 0.0383685 0.0368575 0.0317030 0.0340822 0.0339875 0.0357231 0.0357231 0.0367127 0.0369383 0.0366216 0.0357231 0.0330978 0.0366216 0.0375581 0.0383685 0.0366652 0.0375405 0.0357231 
EU478493   0.0334493 0.0000000 0.0022449 0.0022449 0.0052774 0.0060392 0.0099547 0.0029990 0.0029982 0.0376138 0.0091697 0.0091697 0.0029982 0.0037549 0.0068393 0.0045170 0.0099536 0.0037545 0.0030017 0.0045145 0.0367364 0.0014936 0.0083839 0.0341666 0.0045118 0.0029990 0.0045118 0.0099509 0.0099537 0.0076195 0.0092050 0.0045180 0.0045180 0.0340413 0.0340413 0.0393668 0.0340413 0.0393668 0.0384784 0.0384611 0.0438678 0.0384611 0.0384784 0.0404406 0.0402582 0.0402341 0.0393491 0.0402522 0.0393491 0.0349143 0.0331619 0.0393491 0.0030000 0.0099547 0.0022449 0.0083839 0.0022449 0.0116039 0.0762718 0.0717474 0.0718002 0.0726734 0.0686919 0.0349942 0.0349942 0.0358832 0.0358717 0.0358497 0.0358497 0.0340980 0.0340845 0.0340738 0.0322807 0.0409609 0.0409609 0.0361407 0.0358389 0.0349624 0.0358391 0.0367133 0.0340462 0.0331626 0.0340264 0.0340363 0.0349041 0.0331626 0.0323015 0.0366800 0.0350649 0.0322868 0.0378541 0.0331923 0.0357946 0.0068365 0.0052964 0.0052964 0.0060625 0.0076246 0.0544162 0.0367042 0.0393668 0.0366825 0.0340383 0.0340383 0.0331082 0.0340413 0.0115229 0.0357817 0.0402341 0.0349062 0.0349062 0.0349062 0.0349062 0.0367122 0.0357817 0.0402341 0.0358206 0.0430085 0.0411218 0.0366720 0.0358113 0.0357817 0.0357817 0.0411218 0.0313913 0.0068365 0.0305530 0.0332101 0.0359442 0.0393875 0.0418834 0.0350107 0.0322868 0.0340462 0.0700623 0.0359485 0.0411218 0.0348900 0.0411279 0.0404656 0.0349194 0.0314145 0.0349573 0.0340789 0.0340313 0.0340313 0.0333223 0.0331626 0.0366899 0.0331778 0.0323015 0.0333088 0.0323015 0.0331626 0.0358610 0.0340462 0.0360193 0.0813583 0.0453750 0.0822463 0.0331981 0.0123184 0.0833606 0.0787062 0.2223298 0.2239520 0.2218224 0.2295030 0.2217541 0.2263268 0.2263268 0.2242433 0.0333215 0.0384525 0.0331586 0.0341415 0.0324641 0.0357998 0.0384525 0.0331586 0.0357998 0.0339784 0.0357998 0.0331586 0.0323386 0.0340385 0.0349242 0.0243334 0.0384525 0.0392013 0.0261461 0.0331980 0.0340595 0.0357998 0.0357998 0.0331586 0.0392891 0.0349194 0.0357998 0.0331675 0.0349194 0.0339940 0.0384525 0.0331162 0.0339784 0.0357998 
EU478494   0.0315901 0.0022449 0.0000000 0.0000010 0.0029989 0.0037535 0.0076151 0.0022460 0.0007455 0.0349571 0.0068393 0.0068393 0.0007455 0.0014939 0.0045345 0.0022464 0.0076143 0.0014937 0.0007464 0.0022452 0.0340887 0.0007457 0.0060639 0.0315424 0.0022438 0.0022460 0.0022438 0.0076123 0.0076144 0.0053043 0.0068656 0.0022469 0.0022469 0.0314283 0.0314283 0.0384888 0.0314283 0.0384888 0.0376031 0.0375864 0.0429757 0.0375864 0.0376031 0.0395556 0.0393775 0.0393539 0.0384716 0.0393716 0.0384716 0.0322909 0.0305592 0.0384716 0.0007460 0.0076151 0.0014945 0.0060639 0.0014945 0.0092316 0.0731305 0.0686720 0.0687243 0.0695953 0.0656538 0.0340980 0.0340980 0.0349830 0.0349719 0.0349506 0.0349506 0.0332054 0.0314664 0.0314566 0.0296886 0.0382272 0.0382272 0.0334810 0.0332013 0.0323343 0.0332013 0.0340674 0.0314326 0.0305597 0.0314145 0.0314237 0.0322814 0.0305597 0.0297075 0.0340363 0.0324293 0.0296941 0.0369409 0.0323055 0.0348973 0.0045327 0.0030094 0.0030094 0.0037675 0.0053077 0.0515614 0.0358347 0.0384888 0.0358136 0.0331781 0.0331781 0.0305101 0.0314283 0.0091672 0.0331474 0.0393539 0.0322815 0.0322815 0.0322815 0.0322815 0.0340642 0.0331474 0.0393539 0.0331827 0.0421179 0.0402390 0.0340270 0.0331747 0.0331474 0.0331474 0.0402390 0.0288111 0.0045327 0.0296781 0.0323221 0.0350421 0.0384735 0.0409434 0.0341141 0.0296941 0.0314326 0.0689959 0.0333021 0.0402390 0.0322668 0.0402450 0.0395801 0.0340248 0.0288321 0.0323296 0.0314613 0.0314191 0.0314191 0.0307052 0.0305597 0.0340454 0.0305736 0.0297075 0.0306927 0.0297075 0.0305597 0.0332213 0.0314326 0.0333681 0.0781691 0.0425992 0.0790105 0.0305917 0.0099532 0.0822080 0.0754479 0.2207891 0.2224088 0.2188416 0.2243000 0.2166917 0.2213038 0.2213038 0.2191619 0.0307054 0.0357902 0.0305567 0.0315193 0.0298563 0.0331659 0.0357902 0.0305567 0.0331659 0.0313712 0.0331659 0.0305567 0.0297423 0.0314265 0.0323001 0.0219929 0.0357902 0.0358437 0.0240231 0.0305929 0.0314449 0.0331659 0.0331659 0.0305567 0.0359219 0.0322954 0.0331659 0.0305642 0.0322954 0.0313855 0.0357902 0.0305179 0.0313712 0.0331659 
EU478495   0.0315901 0.0022449 0.0000010 0.0000000 0.0029989 0.0037535 0.0076151 0.0022460 0.0007455 0.0349571 0.0068393 0.0068393 0.0007455 0.0014939 0.0045345 0.0022464 0.0076143 0.0014937 0.0007464 0.0022452 0.0340887 0.0007457 0.0060639 0.0315424 0.0022438 0.0022460 0.0022438 0.0076123 0.0076144 0.0053043 0.0068656 0.0022469 0.0022469 0.0314283 0.0314283 0.0384888 0.0314283 0.0384888 0.0376031 0.0375864 0.0429757 0.0375864 0.0376031 0.0395556 0.0393775 0.0393539 0.0384716 0.0393716 0.0384716 0.0322909 0.0305592 0.0384716 0.0007460 0.0076151 0.0014945 0.0060639 0.0014945 0.0092316 0.0731305 0.0686720 0.0687243 0.0695953 0.0656538 0.0340980 0.0340980 0.0349830 0.0349719 0.0349506 0.0349506 0.0332054 0.0314664 0.0314566 0.0296886 0.0382272 0.0382272 0.0334810 0.0332013 0.0323343 0.0332013 0.0340674 0.0314326 0.0305597 0.0314145 0.0314237 0.0322814 0.0305597 0.0297075 0.0340363 0.0324293 0.0296941 0.0369409 0.0323055 0.0348973 0.0045327 0.0030094 0.0030094 0.0037675 0.0053077 0.0515614 0.0358347 0.0384888 0.0358136 0.0331781 0.0331781 0.0305101 0.0314283 0.0091672 0.0331474 0.0393539 0.0322815 0.0322815 0.0322815 0.0322815 0.0340642 0.0331474 0.0393539 0.0331827 0.0421179 0.0402390 0.0340270 0.0331747 0.0331474 0.0331474 0.0402390 0.0288111 0.0045327 0.0296781 0.0323221 0.0350421 0.0384735 0.0409434 0.0341141 0.0296941 0.0314326 0.0689959 0.0333021 0.0402390 0.0322668 0.0402450 0.0395801 0.0340248 0.0288321 0.0323296 0.0314613 0.0314191 0.0314191 0.0307052 0.0305597 0.0340454 0.0305736 0.0297075 0.0306927 0.0297075 0.0305597 0.0332213 0.0314326 0.0333681 0.0781691 0.0425992 0.0790105 0.0305917 0.0099532 0.0822080 0.0754479 0.2207891 0.2224088 0.2188416 0.2243000 0.2166917 0.2213038 0.2213038 0.2191619 0.0307054 0.0357902 0.0305567 0.0315193 0.0298563 0.0331659 0.0357902 0.0305567 0.0331659 0.0313712 0.0331659 0.0305567 0.0297423 0.0314265 0.0323001 0.0219929 0.0357902 0.0358437 0.0240231 0.0305929 0.0314449 0.0331659 0.0331659 0.0305567 0.0359219 0.0322954 0.0331659 0.0305642 0.0322954 0.0313855 0.0357902 0.0305179 0.0313712 0.0331659 
EU478497   0.0333583 0.0052774 0.0029989 0.0029989 0.0000000 0.0052772 0.0091765 0.0052800 0.0037549 0.0367454 0.0083942 0.0083942 0.0037549 0.0030000 0.0060712 0.0037592 0.0091755 0.0029996 0.0037592 0.0037571 0.0358704 0.0037558 0.0076114 0.0333072 0.0037549 0.0052800 0.0037549 0.0091731 0.0091756 0.0068483 0.0084265 0.0037600 0.0037600 0.0349228 0.0349228 0.0420937 0.0349228 0.0420937 0.0411952 0.0411764 0.0466472 0.0411764 0.0411952 0.0431912 0.0429954 0.0429693 0.0420745 0.0429890 0.0420745 0.0357981 0.0340388 0.0420745 0.0022470 0.0091765 0.0045161 0.0076114 0.0045161 0.0108156 0.0743951 0.0699007 0.0699534 0.0708272 0.0668612 0.0358805 0.0358805 0.0367731 0.0367613 0.0367387 0.0367387 0.0332391 0.0332261 0.0332156 0.0314305 0.0382320 0.0382320 0.0334851 0.0332054 0.0323383 0.0332054 0.0340715 0.0314364 0.0305634 0.0314183 0.0314275 0.0322854 0.0305634 0.0297111 0.0340404 0.0324332 0.0296977 0.0369455 0.0340712 0.0349015 0.0060687 0.0045337 0.0045337 0.0052976 0.0068528 0.0534928 0.0394001 0.0420937 0.0393765 0.0367014 0.0367014 0.0339835 0.0349228 0.0107401 0.0366692 0.0429693 0.0357905 0.0357905 0.0357905 0.0357905 0.0376044 0.0366692 0.0429693 0.0367094 0.0457816 0.0438668 0.0375631 0.0366996 0.0366692 0.0366692 0.0438668 0.0322606 0.0060687 0.0314203 0.0340903 0.0368362 0.0402895 0.0428101 0.0358976 0.0296977 0.0314364 0.0702312 0.0368404 0.0438668 0.0357738 0.0438733 0.0432182 0.0340289 0.0288356 0.0323335 0.0314652 0.0314229 0.0314229 0.0307090 0.0305634 0.0340496 0.0305773 0.0297111 0.0306964 0.0297111 0.0305634 0.0332254 0.0314364 0.0333722 0.0794636 0.0463109 0.0824423 0.0323437 0.0115329 0.0835616 0.0776678 0.2208280 0.2224479 0.2220692 0.2275850 0.2198927 0.2244771 0.2244771 0.2223734 0.0342031 0.0393498 0.0340352 0.0350248 0.0333428 0.0366871 0.0393498 0.0340352 0.0366871 0.0348568 0.0366871 0.0340352 0.0332134 0.0349196 0.0358083 0.0290453 0.0393498 0.0403352 0.0272162 0.0340757 0.0349415 0.0366871 0.0366871 0.0340352 0.0404263 0.0358034 0.0366871 0.0340446 0.0358034 0.0348739 0.0393498 0.0339916 0.0348568 0.0366871 
EU478498   0.0342185 0.0060392 0.0037535 0.0037535 0.0052772 0.0000000 0.0099545 0.0060423 0.0045117 0.0376129 0.0091695 0.0091695 0.0045117 0.0037548 0.0068391 0.0045169 0.0099533 0.0037544 0.0045169 0.0045144 0.0367355 0.0045128 0.0083837 0.0341658 0.0045117 0.0060423 0.0045117 0.0099507 0.0099534 0.0076193 0.0092048 0.0045179 0.0045179 0.0357832 0.0357832 0.0429772 0.0357832 0.0429772 0.0420760 0.0420568 0.0475443 0.0420568 0.0420760 0.0440816 0.0438815 0.0438548 0.0429575 0.0438750 0.0429575 0.0366610 0.0348973 0.0429575 0.0030000 0.0099545 0.0052767 0.0083837 0.0052767 0.0100153 0.0762702 0.0717458 0.0717987 0.0726719 0.0686905 0.0367459 0.0367459 0.0376415 0.0376293 0.0376061 0.0376061 0.0358426 0.0340837 0.0340729 0.0322799 0.0409599 0.0409599 0.0361398 0.0358380 0.0349615 0.0358382 0.0367124 0.0340454 0.0331618 0.0340255 0.0340355 0.0349032 0.0331618 0.0323007 0.0366791 0.0350640 0.0322860 0.0396349 0.0349296 0.0375475 0.0068363 0.0052963 0.0052963 0.0060624 0.0076244 0.0544150 0.0402754 0.0429772 0.0402513 0.0375678 0.0375678 0.0348394 0.0357832 0.0099455 0.0375353 0.0438548 0.0366539 0.0366539 0.0366539 0.0366539 0.0384745 0.0375353 0.0438548 0.0375767 0.0466774 0.0447548 0.0384322 0.0375664 0.0375353 0.0375353 0.0447548 0.0331115 0.0068363 0.0322699 0.0349500 0.0377065 0.0411674 0.0437105 0.0367636 0.0322860 0.0340454 0.0720844 0.0377107 0.0447548 0.0366368 0.0447615 0.0441091 0.0366665 0.0314138 0.0349564 0.0340781 0.0340305 0.0340305 0.0333215 0.0331618 0.0366890 0.0331770 0.0323007 0.0333079 0.0323007 0.0331618 0.0358601 0.0340454 0.0360184 0.0813567 0.0472182 0.0843706 0.0331973 0.0123181 0.0855211 0.0787046 0.2159486 0.2175589 0.2171931 0.2226222 0.2150571 0.2196825 0.2196825 0.2175216 0.0350659 0.0402238 0.0348932 0.0358878 0.0342022 0.0375530 0.0402238 0.0348932 0.0375530 0.0357161 0.0375530 0.0348932 0.0340691 0.0357796 0.0366714 0.0290701 0.0402238 0.0392074 0.0293632 0.0349338 0.0358024 0.0375530 0.0375530 0.0348932 0.0392952 0.0366665 0.0375530 0.0349032 0.0366665 0.0357327 0.0402238 0.0348474 0.0357161 0.0375530 
EU478499   0.0350002 0.0099547 0.0076151 0.0076151 0.0091765 0.0099545 0.0000000 0.0099599 0.0083910 0.0383949 0.0007454 0.0007454 0.0083910 0.0076180 0.0075912 0.0084013 0.0014937 0.0076171 0.0084013 0.0083964 0.0375168 0.0083932 0.0091364 0.0349461 0.0083910 0.0099599 0.0083910 0.0014933 0.0091481 0.0083726 0.0099616 0.0084034 0.0084034 0.0365621 0.0365621 0.0419298 0.0365621 0.0419298 0.0410348 0.0428420 0.0464650 0.0428420 0.0410348 0.0430222 0.0428278 0.0446413 0.0437435 0.0428215 0.0437435 0.0374406 0.0356752 0.0437435 0.0068469 0.0000010 0.0091755 0.0091364 0.0091755 0.0123644 0.0730031 0.0685510 0.0706066 0.0714777 0.0675175 0.0375276 0.0375276 0.0384242 0.0384117 0.0383880 0.0383880 0.0366230 0.0348625 0.0348505 0.0313095 0.0417564 0.0417564 0.0369261 0.0366183 0.0357411 0.0366186 0.0374933 0.0348232 0.0339386 0.0348029 0.0348131 0.0356813 0.0339386 0.0330770 0.0374591 0.0358455 0.0330619 0.0404233 0.0357084 0.0383279 0.0045187 0.0060465 0.0060465 0.0068131 0.0083782 0.0520244 0.0410594 0.0419298 0.0410348 0.0383488 0.0383488 0.0356161 0.0365621 0.0122782 0.0393191 0.0446413 0.0384314 0.0384314 0.0384314 0.0384314 0.0402675 0.0393191 0.0446413 0.0393630 0.0474679 0.0455419 0.0402231 0.0393518 0.0393191 0.0393191 0.0455419 0.0338870 0.0045187 0.0340138 0.0367177 0.0403042 0.0419521 0.0445107 0.0375457 0.0330619 0.0348232 0.0708864 0.0395034 0.0455419 0.0384132 0.0455487 0.0449001 0.0374462 0.0321887 0.0357359 0.0348557 0.0348080 0.0348080 0.0341017 0.0339386 0.0374692 0.0339542 0.0330770 0.0340880 0.0330770 0.0339386 0.0366409 0.0348232 0.0368025 0.0801073 0.0480180 0.0830900 0.0339751 0.0130747 0.0842167 0.0757544 0.2202066 0.2218239 0.2214472 0.2269470 0.2215652 0.2238634 0.2238634 0.2217542 0.0367390 0.0410066 0.0356699 0.0366689 0.0349835 0.0383335 0.0410066 0.0356699 0.0383335 0.0364933 0.0383335 0.0356699 0.0348471 0.0365581 0.0374512 0.0314512 0.0410066 0.0401381 0.0294175 0.0357123 0.0365817 0.0383335 0.0383335 0.0356699 0.0425235 0.0392428 0.0383335 0.0356813 0.0392428 0.0365103 0.0410066 0.0356241 0.0364933 0.0383335 
EU478500   0.0342394 0.0029990 0.0022460 0.0022460 0.0052800 0.0060423 0.0099599 0.0000000 0.0029997 0.0376362 0.0091744 0.0091744 0.0029997 0.0037567 0.0068428 0.0045192 0.0099587 0.0037563 0.0030031 0.0045167 0.0367581 0.0014943 0.0083882 0.0341867 0.0045140 0.0000010 0.0045140 0.0099561 0.0099588 0.0076234 0.0092098 0.0045202 0.0045202 0.0340621 0.0340621 0.0393903 0.0340621 0.0393903 0.0385013 0.0384840 0.0438946 0.0384840 0.0385013 0.0404650 0.0402824 0.0402582 0.0393726 0.0402764 0.0393726 0.0349348 0.0331812 0.0393726 0.0030015 0.0099599 0.0007457 0.0083882 0.0007457 0.0116100 0.0741874 0.0697059 0.0697584 0.0706303 0.0666746 0.0349830 0.0349830 0.0358717 0.0358602 0.0358382 0.0358382 0.0340873 0.0341045 0.0340937 0.0322993 0.0409859 0.0409859 0.0361621 0.0358600 0.0349829 0.0358602 0.0367350 0.0340671 0.0331819 0.0340462 0.0340571 0.0349245 0.0331819 0.0323202 0.0367017 0.0350855 0.0323055 0.0396598 0.0349510 0.0375706 0.0068399 0.0052991 0.0052991 0.0060656 0.0076285 0.0544510 0.0367259 0.0393903 0.0367042 0.0340591 0.0340591 0.0331274 0.0340621 0.0115289 0.0358028 0.0402582 0.0349267 0.0349267 0.0349267 0.0349267 0.0367340 0.0358028 0.0402582 0.0358417 0.0430346 0.0411465 0.0366936 0.0358324 0.0358028 0.0358028 0.0411465 0.0314094 0.0068399 0.0305436 0.0331997 0.0359327 0.0393746 0.0418693 0.0349996 0.0323055 0.0340671 0.0700348 0.0359698 0.0411465 0.0349105 0.0411526 0.0404900 0.0366890 0.0314326 0.0349778 0.0340988 0.0340512 0.0340512 0.0333417 0.0331819 0.0367116 0.0331971 0.0323202 0.0333282 0.0323202 0.0331819 0.0358821 0.0340671 0.0360406 0.0792432 0.0435280 0.0801003 0.0332174 0.0123249 0.0833249 0.0787634 0.2225579 0.2241819 0.2206014 0.2260950 0.2184357 0.2230356 0.2230356 0.2209132 0.0333410 0.0384754 0.0331778 0.0341615 0.0324830 0.0340454 0.0384754 0.0331778 0.0340454 0.0339981 0.0340454 0.0331778 0.0323574 0.0340584 0.0349447 0.0243334 0.0384754 0.0380918 0.0261646 0.0332173 0.0340804 0.0340454 0.0340454 0.0331778 0.0381764 0.0349399 0.0340454 0.0331867 0.0349399 0.0340138 0.0384754 0.0331354 0.0339981 0.0340454 
EU478501   0.0307300 0.0029982 0.0007455 0.0007455 0.0037549 0.0045117 0.0083910 0.0029997 0.0000000 0.0340887 0.0076123 0.0076123 0.0014936 0.0022446 0.0052993 0.0030002 0.0083901 0.0022444 0.0014953 0.0029986 0.0332221 0.0014939 0.0052976 0.0306840 0.0029968 0.0029997 0.0029968 0.0083879 0.0068421 0.0045394 0.0060931 0.0030009 0.0030009 0.0322909 0.0322909 0.0393775 0.0322909 0.0393775 0.0384888 0.0384716 0.0438798 0.0384716 0.0384888 0.0404516 0.0402691 0.0402450 0.0393597 0.0402632 0.0393597 0.0331564 0.0314185 0.0393597 0.0014945 0.0083910 0.0022455 0.0052976 0.0022455 0.0084489 0.0741576 0.0696786 0.0697311 0.0706027 0.0666490 0.0332310 0.0332310 0.0341138 0.0341030 0.0340823 0.0340823 0.0323429 0.0306099 0.0306004 0.0288397 0.0373349 0.0373349 0.0326113 0.0323391 0.0314749 0.0323390 0.0332013 0.0305773 0.0297075 0.0305597 0.0305686 0.0314237 0.0297075 0.0288580 0.0331723 0.0315674 0.0288451 0.0360608 0.0314470 0.0340297 0.0052971 0.0022536 0.0022536 0.0030094 0.0045423 0.0524996 0.0367141 0.0393775 0.0366924 0.0340474 0.0340474 0.0313680 0.0322909 0.0083901 0.0340163 0.0402450 0.0331474 0.0331474 0.0331474 0.0331474 0.0349384 0.0340163 0.0402450 0.0340537 0.0430203 0.0411330 0.0349003 0.0340443 0.0340163 0.0340163 0.0411330 0.0296634 0.0052971 0.0288291 0.0314625 0.0341710 0.0375938 0.0400407 0.0332475 0.0288451 0.0305773 0.0700072 0.0341753 0.0411330 0.0331322 0.0411391 0.0404766 0.0331611 0.0279861 0.0314703 0.0306050 0.0305642 0.0305642 0.0298489 0.0297075 0.0331812 0.0297209 0.0288580 0.0298366 0.0288580 0.0297075 0.0323584 0.0305773 0.0325011 0.0792107 0.0435132 0.0800669 0.0297384 0.0091731 0.0832892 0.0765125 0.2224088 0.2240315 0.2204542 0.2259418 0.2182910 0.2228894 0.2228894 0.2207665 0.0315691 0.0366683 0.0314158 0.0323846 0.0307174 0.0340347 0.0366683 0.0314158 0.0340347 0.0322319 0.0340347 0.0314158 0.0305997 0.0322888 0.0331658 0.0243134 0.0366683 0.0369499 0.0250797 0.0314530 0.0323080 0.0340347 0.0340347 0.0314158 0.0370312 0.0331611 0.0340347 0.0314237 0.0331611 0.0322466 0.0366683 0.0313758 0.0322319 0.0340347 
EU478502   0.0083661 0.0376138 0.0349571 0.0349571 0.0367454 0.0376129 0.0383949 0.0376362 0.0340887 0.0000000 0.0374946 0.0374946 0.0358335 0.0349725 0.0348454 0.0358885 0.0383901 0.0349682 0.0358885 0.0358607 0.0007460 0.0358449 0.0348280 0.0083556 0.0358335 0.0376362 0.0358335 0.0383777 0.0348512 0.0340159 0.0358878 0.0358993 0.0358993 0.0373370 0.0355615 0.0409240 0.0373370 0.0409240 0.0400352 0.0418295 0.0428605 0.0418295 0.0400352 0.0420046 0.0418158 0.0436163 0.0427247 0.0418096 0.0427247 0.0382153 0.0364490 0.0427247 0.0341112 0.0383949 0.0367409 0.0348280 0.0367409 0.0386689 0.0759633 0.0714627 0.0694363 0.0703041 0.0663003 0.0245067 0.0245067 0.0253490 0.0253415 0.0253268 0.0253268 0.0253445 0.0091282 0.0091258 0.0170818 0.0239157 0.0239157 0.0188611 0.0170915 0.0178968 0.0203332 0.0211490 0.0186844 0.0178679 0.0179214 0.0170664 0.0178704 0.0162603 0.0154614 0.0195026 0.0203471 0.0170707 0.0228418 0.0178825 0.0219649 0.0348246 0.0313483 0.0313483 0.0322041 0.0286843 0.0447612 0.0400221 0.0409240 0.0399983 0.0373342 0.0373342 0.0346258 0.0355615 0.0383900 0.0392958 0.0436163 0.0384095 0.0384095 0.0384095 0.0384095 0.0402426 0.0392958 0.0436163 0.0393396 0.0427340 0.0445107 0.0401983 0.0393284 0.0392958 0.0392958 0.0445107 0.0312004 0.0348246 0.0211928 0.0237168 0.0270897 0.0253340 0.0308922 0.0262093 0.0170707 0.0186997 0.0697099 0.0394797 0.0445107 0.0383914 0.0445173 0.0420306 0.0211438 0.0178846 0.0178941 0.0187153 0.0170640 0.0170640 0.0163357 0.0162603 0.0195076 0.0178754 0.0154614 0.0179432 0.0154614 0.0162603 0.0170864 0.0170707 0.0163076 0.0746831 0.0480431 0.0831271 0.0178992 0.0392991 0.0829126 0.0687167 0.2262865 0.2279042 0.2226832 0.2281487 0.2259167 0.2311567 0.2311567 0.2198393 0.0375174 0.0417808 0.0401185 0.0374459 0.0357622 0.0391083 0.0417808 0.0401185 0.0391083 0.0409499 0.0391083 0.0401185 0.0392860 0.0410232 0.0419359 0.0290304 0.0417808 0.0389137 0.0326427 0.0374615 0.0373570 0.0391083 0.0391083 0.0401185 0.0390000 0.0400179 0.0391083 0.0364553 0.0400179 0.0409693 0.0417808 0.0400664 0.0409499 0.0391083 
EU478503   0.0341105 0.0091697 0.0068393 0.0068393 0.0083942 0.0091695 0.0007454 0.0091744 0.0076123 0.0374946 0.0000000 0.0000010 0.0076123 0.0068419 0.0068178 0.0076216 0.0007453 0.0068411 0.0076216 0.0076171 0.0366199 0.0076143 0.0083575 0.0340582 0.0076123 0.0091744 0.0076123 0.0007452 0.0083682 0.0075955 0.0091760 0.0076234 0.0076234 0.0356698 0.0356698 0.0428420 0.0356698 0.0428420 0.0419436 0.0437581 0.0473948 0.0437581 0.0419436 0.0439424 0.0437435 0.0455641 0.0446630 0.0437370 0.0446630 0.0365459 0.0347869 0.0446630 0.0060735 0.0007454 0.0083932 0.0083575 0.0083932 0.0115672 0.0719424 0.0675139 0.0695615 0.0704315 0.0664861 0.0366303 0.0366303 0.0375230 0.0375109 0.0374878 0.0374878 0.0357299 0.0339756 0.0339650 0.0321787 0.0408291 0.0408291 0.0360253 0.0357253 0.0348506 0.0357255 0.0365970 0.0339386 0.0330578 0.0339189 0.0339288 0.0347928 0.0330578 0.0321995 0.0365639 0.0349535 0.0321848 0.0395095 0.0348190 0.0374296 0.0037580 0.0052798 0.0052798 0.0060435 0.0076006 0.0510711 0.0401488 0.0428420 0.0401247 0.0374498 0.0374498 0.0347304 0.0356698 0.0114866 0.0384142 0.0455641 0.0375299 0.0375299 0.0375299 0.0375299 0.0393576 0.0384142 0.0455641 0.0384568 0.0465303 0.0464680 0.0393143 0.0384460 0.0384142 0.0384142 0.0464680 0.0330079 0.0037580 0.0331307 0.0358217 0.0393931 0.0410379 0.0435707 0.0366478 0.0321848 0.0339386 0.0698364 0.0385939 0.0464680 0.0375123 0.0464749 0.0439697 0.0365513 0.0313153 0.0348455 0.0339701 0.0339238 0.0339238 0.0332154 0.0330578 0.0365737 0.0330730 0.0321995 0.0332020 0.0321995 0.0330578 0.0357473 0.0339386 0.0359046 0.0790206 0.0470678 0.0819788 0.0330931 0.0122797 0.0830860 0.0746608 0.2184083 0.2200209 0.2196492 0.2251126 0.2197746 0.2220939 0.2220939 0.2199650 0.0358431 0.0400975 0.0347829 0.0357749 0.0340945 0.0374351 0.0400975 0.0347829 0.0374351 0.0356034 0.0374351 0.0347829 0.0339622 0.0356664 0.0365563 0.0290238 0.0400975 0.0412760 0.0283243 0.0348242 0.0356890 0.0374351 0.0374351 0.0347829 0.0413695 0.0383402 0.0374351 0.0347928 0.0383402 0.0356198 0.0400975 0.0347384 0.0356034 0.0374351 
EU478504   0.0341105 0.0091697 0.0068393 0.0068393 0.0083942 0.0091695 0.0007454 0.0091744 0.0076123 0.0374946 0.0000010 0.0000000 0.0076123 0.0068419 0.0068178 0.0076216 0.0007453 0.0068411 0.0076216 0.0076171 0.0366199 0.0076143 0.0083575 0.0340582 0.0076123 0.0091744 0.0076123 0.0007452 0.0083682 0.0075955 0.0091760 0.0076234 0.0076234 0.0356698 0.0356698 0.0428420 0.0356698 0.0428420 0.0419436 0.0437581 0.0473948 0.0437581 0.0419436 0.0439424 0.0437435 0.0455641 0.0446630 0.0437370 0.0446630 0.0365459 0.0347869 0.0446630 0.0060735 0.0007454 0.0083932 0.0083575 0.0083932 0.0115672 0.0719424 0.0675139 0.0695615 0.0704315 0.0664861 0.0366303 0.0366303 0.0375230 0.0375109 0.0374878 0.0374878 0.0357299 0.0339756 0.0339650 0.0321787 0.0408291 0.0408291 0.0360253 0.0357253 0.0348506 0.0357255 0.0365970 0.0339386 0.0330578 0.0339189 0.0339288 0.0347928 0.0330578 0.0321995 0.0365639 0.0349535 0.0321848 0.0395095 0.0348190 0.0374296 0.0037580 0.0052798 0.0052798 0.0060435 0.0076006 0.0510711 0.0401488 0.0428420 0.0401247 0.0374498 0.0374498 0.0347304 0.0356698 0.0114866 0.0384142 0.0455641 0.0375299 0.0375299 0.0375299 0.0375299 0.0393576 0.0384142 0.0455641 0.0384568 0.0465303 0.0464680 0.0393143 0.0384460 0.0384142 0.0384142 0.0464680 0.0330079 0.0037580 0.0331307 0.0358217 0.0393931 0.0410379 0.0435707 0.0366478 0.0321848 0.0339386 0.0698364 0.0385939 0.0464680 0.0375123 0.0464749 0.0439697 0.0365513 0.0313153 0.0348455 0.0339701 0.0339238 0.0339238 0.0332154 0.0330578 0.0365737 0.0330730 0.0321995 0.0332020 0.0321995 0.0330578 0.0357473 0.0339386 0.0359046 0.0790206 0.0470678 0.0819788 0.0330931 0.0122797 0.0830860 0.0746608 0.2184083 0.2200209 0.2196492 0.2251126 0.2197746 0.2220939 0.2220939 0.2199650 0.0358431 0.0400975 0.0347829 0.0357749 0.0340945 0.0374351 0.0400975 0.0347829 0.0374351 0.0356034 0.0374351 0.0347829 0.0339622 0.0356664 0.0365563 0.0290238 0.0400975 0.0412760 0.0283243 0.0348242 0.0356890 0.0374351 0.0374351 0.0347829 0.0413695 0.0383402 0.0374351 0.0347928 0.0383402 0.0356198 0.0400975 0.0347384 0.0356034 0.0374351 
EU478505   0.0324586 0.0029982 0.0007455 0.0007455 0.0037549 0.0045117 0.0083910 0.0029997 0.0014936 0.0358335 0.0076123 0.0076123 0.0000000 0.0022446 0.0052993 0.0030002 0.0083901 0.0022444 0.0014953 0.0029986 0.0349622 0.0014939 0.0068335 0.0324083 0.0029968 0.0029997 0.0029968 0.0083879 0.0083902 0.0060724 0.0076415 0.0030009 0.0030009 0.0322909 0.0322909 0.0393775 0.0322909 0.0393775 0.0384888 0.0384716 0.0438798 0.0384716 0.0384888 0.0404516 0.0402691 0.0402450 0.0393597 0.0402632 0.0393597 0.0331564 0.0314185 0.0393597 0.0014945 0.0083910 0.0022455 0.0068335 0.0022455 0.0100181 0.0741576 0.0696786 0.0697311 0.0706027 0.0666490 0.0349719 0.0349719 0.0358602 0.0358488 0.0358268 0.0358268 0.0340765 0.0323303 0.0323202 0.0305446 0.0391283 0.0391283 0.0343586 0.0340723 0.0332013 0.0340724 0.0349403 0.0322954 0.0314191 0.0322767 0.0322861 0.0314237 0.0314191 0.0305642 0.0349092 0.0332998 0.0305503 0.0378295 0.0331715 0.0357718 0.0052971 0.0037680 0.0037680 0.0045297 0.0060764 0.0524996 0.0367141 0.0393775 0.0366924 0.0340474 0.0340474 0.0313680 0.0322909 0.0099483 0.0340163 0.0402450 0.0331474 0.0331474 0.0331474 0.0331474 0.0349384 0.0340163 0.0402450 0.0340537 0.0430203 0.0411330 0.0349003 0.0340443 0.0340163 0.0340163 0.0411330 0.0296634 0.0052971 0.0305343 0.0331893 0.0359212 0.0393618 0.0418552 0.0349885 0.0305503 0.0322954 0.0700072 0.0341753 0.0411330 0.0331322 0.0411391 0.0404766 0.0348973 0.0296851 0.0331965 0.0323251 0.0322814 0.0322814 0.0315689 0.0314191 0.0349186 0.0314334 0.0305642 0.0315560 0.0305642 0.0314191 0.0340930 0.0322954 0.0342429 0.0792107 0.0435132 0.0800669 0.0314522 0.0107373 0.0832892 0.0765125 0.2192118 0.2208286 0.2172710 0.2227026 0.2151339 0.2197596 0.2197596 0.2175992 0.0315691 0.0366683 0.0314158 0.0323846 0.0307174 0.0340347 0.0366683 0.0314158 0.0340347 0.0322319 0.0340347 0.0314158 0.0305997 0.0322888 0.0331658 0.0243134 0.0366683 0.0369499 0.0250797 0.0314530 0.0323080 0.0340347 0.0340347 0.0314158 0.0370312 0.0331611 0.0340347 0.0314237 0.0331611 0.0322466 0.0366683 0.0313758 0.0322319 0.0340347 
EU478506   0.0316037 0.0037549 0.0014939 0.0014939 0.0030000 0.0037548 0.0076180 0.0037567 0.0022446 0.0349725 0.0068419 0.0068419 0.0022446 0.0000000 0.0045361 0.0022472 0.0076171 0.0014943 0.0022472 0.0007457 0.0341037 0.0022452 0.0060661 0.0315560 0.0022446 0.0037567 0.0022446 0.0076151 0.0076172 0.0053062 0.0068681 0.0022477 0.0022477 0.0331659 0.0331659 0.0402814 0.0331659 0.0402814 0.0393894 0.0393716 0.0448011 0.0393716 0.0393894 0.0413634 0.0411764 0.0411517 0.0402632 0.0411703 0.0402632 0.0340347 0.0322901 0.0402632 0.0007462 0.0076180 0.0029996 0.0060661 0.0029996 0.0092351 0.0731697 0.0687079 0.0687603 0.0696318 0.0656877 0.0341130 0.0341130 0.0349984 0.0349873 0.0349659 0.0349659 0.0332198 0.0314800 0.0314702 0.0297013 0.0382446 0.0382446 0.0334958 0.0332158 0.0323484 0.0332158 0.0340823 0.0314462 0.0305728 0.0314281 0.0314372 0.0322954 0.0305728 0.0297202 0.0340512 0.0324444 0.0297068 0.0369574 0.0323194 0.0349126 0.0045343 0.0030105 0.0030105 0.0037689 0.0053097 0.0515861 0.0376078 0.0402814 0.0375855 0.0349309 0.0349309 0.0322379 0.0331659 0.0091707 0.0348994 0.0411517 0.0340262 0.0340262 0.0340262 0.0340262 0.0358253 0.0348994 0.0411517 0.0349371 0.0439394 0.0420429 0.0357861 0.0349282 0.0348994 0.0348994 0.0420429 0.0305271 0.0045343 0.0296908 0.0323361 0.0350576 0.0384908 0.0409623 0.0341290 0.0297068 0.0314462 0.0690322 0.0350619 0.0420429 0.0340105 0.0420491 0.0413890 0.0340396 0.0288443 0.0323436 0.0314749 0.0314326 0.0314326 0.0307185 0.0305728 0.0340613 0.0305867 0.0297202 0.0307059 0.0297202 0.0305728 0.0332358 0.0314462 0.0333827 0.0782118 0.0444445 0.0811591 0.0306048 0.0099570 0.0813497 0.0754899 0.2209758 0.2225971 0.2222178 0.2277396 0.2187864 0.2246246 0.2246246 0.2225214 0.0324452 0.0375605 0.0322870 0.0332624 0.0315906 0.0349177 0.0375605 0.0322870 0.0349177 0.0331050 0.0349177 0.0322870 0.0314690 0.0331635 0.0340444 0.0266770 0.0375605 0.0380752 0.0261500 0.0323253 0.0331836 0.0349177 0.0349177 0.0322870 0.0381597 0.0340396 0.0349177 0.0322954 0.0340396 0.0331202 0.0375605 0.0322458 0.0331050 0.0349177 
EU478508   0.0314898 0.0068393 0.0045345 0.0045345 0.0060712 0.0068391 0.0075912 0.0068428 0.0052993 0.0348454 0.0068178 0.0068178 0.0052993 0.0045361 0.0000000 0.0053056 0.0075903 0.0045356 0.0053056 0.0053026 0.0339798 0.0053006 0.0060448 0.0314424 0.0037718 0.0068428 0.0037718 0.0075884 0.0075904 0.0052876 0.0068439 0.0053069 0.0053069 0.0313290 0.0313290 0.0383668 0.0313290 0.0383668 0.0374840 0.0392654 0.0428395 0.0392654 0.0374840 0.0394298 0.0392527 0.0410409 0.0401547 0.0392469 0.0401547 0.0321889 0.0304627 0.0401547 0.0037741 0.0075912 0.0060705 0.0060448 0.0060705 0.0092024 0.0728945 0.0684514 0.0685036 0.0693723 0.0654431 0.0339891 0.0339891 0.0348721 0.0348601 0.0348389 0.0348389 0.0331003 0.0313669 0.0313572 0.0295949 0.0363227 0.0363227 0.0316383 0.0313753 0.0305168 0.0313752 0.0322320 0.0296263 0.0287627 0.0296094 0.0296180 0.0304676 0.0287627 0.0279186 0.0322042 0.0306064 0.0279061 0.0368232 0.0322034 0.0347860 0.0045176 0.0030002 0.0030002 0.0037560 0.0052910 0.0513972 0.0357211 0.0383668 0.0357002 0.0330733 0.0330733 0.0321224 0.0313290 0.0091384 0.0340106 0.0410409 0.0331419 0.0331419 0.0331419 0.0331419 0.0349326 0.0340106 0.0410409 0.0340470 0.0419842 0.0419298 0.0348944 0.0340386 0.0340106 0.0340106 0.0419298 0.0304178 0.0045176 0.0305292 0.0331838 0.0367145 0.0383517 0.0408115 0.0340049 0.0279061 0.0296263 0.0687735 0.0341696 0.0419298 0.0331267 0.0419360 0.0394540 0.0339173 0.0270531 0.0305123 0.0296529 0.0296137 0.0296137 0.0288990 0.0287627 0.0339378 0.0304770 0.0296137 0.0305954 0.0296137 0.0287627 0.0313939 0.0296263 0.0315307 0.0779178 0.0442812 0.0808502 0.0304950 0.0099219 0.0819373 0.0730981 0.2200596 0.2216756 0.2212995 0.2267922 0.2214181 0.2205889 0.2205889 0.2216071 0.0314787 0.0356770 0.0304602 0.0314195 0.0297615 0.0330612 0.0356770 0.0304602 0.0330612 0.0312723 0.0330612 0.0304602 0.0296483 0.0313272 0.0321980 0.0266458 0.0356770 0.0357011 0.0261785 0.0304962 0.0313456 0.0330612 0.0330612 0.0304602 0.0357786 0.0339477 0.0330612 0.0304676 0.0339477 0.0312865 0.0356770 0.0304217 0.0312723 0.0330612 
EU478509   0.0325074 0.0045170 0.0022464 0.0022464 0.0037592 0.0045169 0.0084013 0.0045192 0.0030002 0.0358885 0.0076216 0.0076216 0.0030002 0.0022472 0.0053056 0.0000000 0.0084004 0.0022469 0.0030036 0.0030020 0.0350156 0.0030009 0.0068418 0.0324578 0.0030002 0.0045192 0.0030002 0.0083982 0.0084005 0.0060797 0.0076509 0.0030043 0.0030043 0.0340723 0.0340723 0.0412235 0.0340723 0.0412235 0.0403271 0.0403088 0.0457659 0.0403088 0.0403271 0.0423147 0.0421230 0.0420975 0.0412048 0.0421167 0.0412048 0.0349453 0.0331909 0.0412048 0.0014962 0.0084013 0.0037588 0.0068418 0.0037588 0.0100306 0.0743082 0.0698156 0.0690060 0.0698804 0.0667774 0.0350254 0.0350254 0.0359154 0.0359039 0.0358819 0.0358819 0.0341282 0.0323786 0.0323685 0.0305896 0.0391908 0.0391908 0.0344112 0.0341240 0.0332523 0.0341240 0.0349936 0.0323436 0.0314657 0.0323249 0.0323343 0.0331965 0.0314657 0.0306092 0.0349624 0.0315152 0.0305953 0.0378888 0.0332213 0.0358266 0.0053034 0.0037723 0.0037723 0.0045351 0.0060837 0.0525909 0.0385366 0.0412235 0.0385136 0.0358457 0.0358457 0.0331371 0.0340723 0.0099606 0.0358138 0.0420975 0.0349372 0.0349372 0.0349372 0.0349372 0.0367454 0.0358138 0.0420975 0.0358527 0.0449012 0.0429930 0.0367051 0.0358434 0.0358138 0.0358138 0.0429930 0.0314184 0.0053034 0.0305792 0.0332392 0.0359766 0.0394238 0.0419235 0.0350420 0.0305953 0.0323436 0.0692799 0.0359809 0.0429930 0.0349210 0.0429994 0.0423411 0.0349504 0.0297285 0.0332474 0.0323734 0.0323296 0.0323296 0.0316159 0.0314657 0.0349718 0.0314800 0.0306092 0.0316030 0.0306092 0.0314657 0.0323047 0.0323436 0.0324469 0.0793761 0.0454195 0.0798864 0.0314989 0.0107507 0.0825630 0.0766747 0.2201454 0.2217731 0.2163500 0.2217361 0.2142319 0.2188407 0.2188407 0.2166811 0.0333509 0.0384877 0.0331875 0.0341717 0.0324925 0.0358319 0.0384877 0.0331875 0.0358319 0.0340082 0.0358319 0.0331875 0.0323668 0.0340685 0.0349553 0.0267523 0.0384877 0.0392468 0.0272511 0.0332270 0.0340905 0.0358319 0.0358319 0.0331875 0.0393348 0.0349504 0.0358319 0.0331965 0.0349504 0.0340239 0.0384877 0.0331451 0.0340082 0.0358319 
EU478510   0.0349959 0.0099536 0.0076143 0.0076143 0.0091755 0.0099533 0.0014937 0.0099587 0.0083901 0.0383901 0.0007453 0.0007453 0.0083901 0.0076171 0.0075903 0.0084004 0.0000000 0.0076163 0.0084004 0.0083954 0.0375122 0.0083923 0.0091353 0.0349419 0.0083901 0.0099587 0.0083901 0.0014932 0.0091470 0.0083717 0.0099605 0.0084024 0.0084024 0.0347826 0.0347826 0.0419246 0.0347826 0.0419246 0.0410297 0.0428367 0.0464591 0.0428367 0.0410297 0.0430168 0.0428225 0.0446357 0.0437380 0.0428161 0.0437380 0.0356542 0.0339034 0.0437380 0.0068462 0.0014937 0.0091744 0.0091353 0.0091744 0.0123630 0.0729932 0.0664814 0.0705971 0.0714681 0.0675085 0.0375230 0.0375230 0.0384194 0.0384070 0.0383832 0.0383832 0.0366186 0.0348572 0.0348462 0.0330515 0.0417511 0.0417511 0.0369215 0.0366138 0.0357367 0.0366141 0.0374887 0.0348190 0.0339345 0.0347987 0.0348088 0.0356770 0.0339345 0.0330730 0.0374545 0.0358411 0.0330578 0.0404183 0.0357040 0.0383231 0.0045182 0.0060459 0.0060459 0.0068123 0.0083773 0.0520177 0.0392421 0.0419246 0.0392187 0.0365547 0.0365547 0.0356117 0.0347826 0.0122768 0.0375132 0.0446357 0.0366324 0.0366324 0.0366324 0.0366324 0.0384517 0.0375132 0.0446357 0.0375545 0.0455969 0.0455362 0.0384094 0.0375443 0.0375132 0.0375132 0.0455362 0.0338829 0.0045182 0.0340097 0.0367132 0.0402992 0.0419469 0.0445050 0.0375411 0.0330578 0.0348190 0.0708768 0.0376884 0.0455362 0.0366153 0.0455430 0.0430435 0.0374416 0.0321848 0.0357315 0.0348514 0.0348037 0.0348037 0.0340976 0.0339345 0.0374646 0.0339501 0.0330730 0.0340838 0.0330730 0.0339345 0.0366364 0.0348190 0.0367980 0.0800963 0.0461219 0.0830784 0.0339709 0.0130732 0.0842048 0.0757438 0.2166166 0.2182245 0.2178578 0.2232857 0.2179905 0.2203305 0.2203305 0.2181822 0.0349502 0.0391923 0.0338998 0.0348838 0.0332095 0.0365406 0.0391923 0.0338998 0.0365406 0.0347182 0.0365406 0.0338998 0.0330811 0.0347796 0.0356643 0.0290238 0.0391923 0.0401319 0.0272372 0.0339400 0.0348012 0.0365406 0.0365406 0.0338998 0.0402220 0.0374416 0.0365406 0.0339091 0.0374416 0.0347342 0.0391923 0.0338565 0.0347182 0.0365406 
EU478511   0.0315999 0.0037545 0.0014937 0.0014937 0.0029996 0.0037544 0.0076171 0.0037563 0.0022444 0.0349682 0.0068411 0.0068411 0.0022444 0.0014943 0.0045356 0.0022469 0.0076163 0.0000000 0.0022469 0.0022457 0.0340995 0.0022449 0.0060654 0.0315522 0.0022444 0.0037563 0.0022444 0.0076143 0.0076164 0.0053056 0.0068673 0.0022474 0.0022474 0.0331619 0.0331619 0.0402764 0.0331619 0.0402764 0.0393845 0.0393668 0.0447955 0.0393668 0.0393845 0.0413582 0.0411713 0.0411465 0.0402582 0.0411652 0.0402582 0.0340306 0.0322861 0.0402582 0.0007462 0.0076171 0.0029993 0.0060654 0.0029993 0.0092340 0.0731597 0.0686987 0.0687511 0.0696225 0.0656789 0.0341088 0.0341088 0.0349942 0.0349830 0.0349616 0.0349616 0.0332158 0.0314761 0.0314664 0.0296977 0.0382398 0.0382398 0.0334916 0.0332117 0.0323444 0.0332117 0.0340781 0.0314424 0.0305691 0.0314243 0.0314334 0.0322915 0.0305691 0.0297166 0.0322876 0.0324404 0.0297032 0.0369529 0.0323155 0.0349083 0.0045338 0.0030101 0.0030101 0.0037684 0.0053091 0.0515795 0.0376031 0.0402764 0.0375808 0.0349267 0.0349267 0.0322340 0.0331619 0.0091697 0.0348951 0.0411465 0.0340220 0.0340220 0.0340220 0.0340220 0.0358209 0.0348951 0.0411465 0.0349328 0.0439339 0.0420377 0.0357817 0.0349239 0.0348951 0.0348951 0.0420377 0.0305234 0.0045338 0.0296872 0.0323322 0.0350533 0.0384860 0.0409571 0.0341249 0.0297032 0.0314424 0.0690229 0.0350576 0.0420377 0.0340064 0.0420439 0.0413839 0.0340355 0.0288409 0.0323397 0.0314711 0.0314288 0.0314288 0.0307147 0.0305691 0.0340571 0.0305830 0.0297166 0.0307022 0.0297166 0.0305691 0.0332317 0.0314424 0.0333787 0.0782011 0.0444389 0.0811478 0.0306011 0.0099558 0.0822430 0.0754793 0.2209369 0.2225579 0.2221787 0.2276992 0.2200002 0.2245859 0.2245859 0.2224824 0.0324412 0.0375559 0.0322831 0.0332583 0.0315867 0.0349134 0.0375559 0.0322831 0.0349134 0.0331010 0.0349134 0.0322831 0.0314652 0.0331595 0.0340403 0.0243036 0.0375559 0.0380693 0.0261461 0.0323214 0.0331796 0.0349134 0.0349134 0.0322831 0.0381537 0.0340355 0.0349134 0.0322915 0.0340355 0.0331162 0.0375559 0.0322419 0.0331010 0.0349134 
EU478512   0.0325074 0.0030017 0.0007464 0.0007464 0.0037592 0.0045169 0.0084013 0.0030031 0.0014953 0.0358885 0.0076216 0.0076216 0.0014953 0.0022472 0.0053056 0.0030036 0.0084004 0.0022469 0.0000000 0.0030020 0.0350156 0.0014956 0.0068418 0.0324578 0.0030002 0.0030031 0.0030002 0.0083982 0.0084005 0.0060797 0.0076509 0.0030043 0.0030043 0.0323390 0.0323390 0.0394396 0.0323390 0.0394396 0.0385491 0.0385318 0.0439513 0.0385318 0.0385491 0.0405162 0.0403331 0.0403088 0.0394218 0.0403271 0.0394218 0.0332062 0.0314651 0.0394218 0.0014962 0.0084013 0.0022480 0.0068418 0.0022480 0.0100306 0.0743082 0.0698156 0.0698682 0.0707419 0.0667774 0.0350254 0.0350254 0.0359154 0.0359039 0.0358819 0.0358819 0.0341282 0.0323786 0.0323685 0.0305896 0.0391908 0.0391908 0.0344112 0.0341240 0.0332523 0.0341240 0.0349936 0.0323436 0.0314657 0.0323249 0.0323343 0.0331965 0.0314657 0.0306092 0.0349624 0.0333501 0.0305953 0.0378888 0.0332213 0.0358266 0.0053034 0.0037723 0.0037723 0.0045351 0.0060837 0.0525909 0.0367709 0.0394396 0.0367492 0.0341000 0.0341000 0.0314144 0.0323390 0.0099606 0.0340687 0.0403088 0.0331972 0.0331972 0.0331972 0.0331972 0.0349918 0.0340687 0.0403088 0.0341053 0.0430900 0.0411987 0.0349535 0.0340969 0.0340687 0.0340687 0.0411987 0.0297067 0.0053034 0.0297892 0.0324449 0.0359766 0.0394238 0.0419235 0.0350420 0.0305953 0.0323436 0.0701456 0.0342274 0.0411987 0.0331820 0.0412048 0.0405413 0.0349504 0.0297285 0.0332474 0.0323734 0.0323296 0.0323296 0.0316159 0.0314657 0.0349718 0.0314800 0.0306092 0.0316030 0.0306092 0.0314657 0.0341447 0.0323436 0.0342951 0.0793761 0.0435848 0.0802369 0.0314989 0.0107507 0.0834719 0.0766747 0.2220904 0.2237215 0.2201265 0.2256391 0.2179542 0.2225804 0.2225804 0.2204421 0.0316162 0.0367249 0.0314623 0.0324330 0.0307629 0.0340872 0.0367249 0.0314623 0.0340872 0.0322799 0.0340872 0.0314623 0.0306448 0.0323369 0.0332156 0.0244088 0.0367249 0.0370219 0.0251245 0.0314997 0.0323563 0.0340872 0.0340872 0.0314623 0.0371036 0.0332109 0.0340872 0.0314703 0.0332109 0.0322946 0.0367249 0.0314222 0.0322799 0.0340872 
