102
AB154220                   0.0000000 0.2477803 0.2477803 0.1480687 0.1480687 0.1205342 0.1856852 0.1897038 0.1930997 0.2251377 0.1872405 0.1957925 0.1924489 0.1949269 0.1865666 0.1847912 0.1847912 0.1924052 0.1884962 0.1865666 0.1834425 0.1891141 0.1869935 0.1887890 0.1902815 0.1904726 0.2039179 0.2087792 0.1853375 0.1871199 0.1869528 0.1865666 0.1939004 0.1852008 0.1975217 0.1848936 0.2041851 0.1865888 0.1883494 0.1881305 0.1881305 0.1881305 0.1881305 0.1955865 0.1955865 0.1926614 0.1850027 0.1896597 0.1881341 0.1931867 0.1910466 0.1921924 0.1956926 0.1865666 0.1868964 0.1865666 0.1908280 0.1912008 0.1865666 0.2048519 0.1852008 0.1903373 0.1886893 0.1886893 0.1858632 0.1864011 0.0000010 0.1881178 0.1817855 0.1925937 0.1893841 0.1880925 0.1986981 0.1886893 0.1907567 0.1933960 0.1907567 0.1904543 0.1886893 0.1907567 0.1845989 0.1902591 0.1881906 0.1904542 0.1867253 0.1867253 0.1886893 0.1889049 0.1886893 0.1952116 0.1881931 0.1864011 0.1864011 0.1847705 0.1865666 0.1877924 0.1990386 0.1912313 0.1837550 0.1806297 0.1748845 0.1890899 
AF374721                   0.2477803 0.0000000 0.0000010 0.2288175 0.2288175 0.2580507 0.2207761 0.2154995 0.2148079 0.2593412 0.2138615 0.2297372 0.2372174 0.2217699 0.2309976 0.2329082 0.2329082 0.2396140 0.2368311 0.2309976 0.2315931 0.2340510 0.2296023 0.2335091 0.2165311 0.2155742 0.2310970 0.2363414 0.2271658 0.2196997 0.2167539 0.2309976 0.2229219 0.2186438 0.2250424 0.2044675 0.2366858 0.2145730 0.2329360 0.2225333 0.2225333 0.2225333 0.2225333 0.2278797 0.2278797 0.2281940 0.2293214 0.2321207 0.2292821 0.2234429 0.2210462 0.2242873 0.2230999 0.2309976 0.2155365 0.2309976 0.2205507 0.2247097 0.2309976 0.2338281 0.2186438 0.2203300 0.2148450 0.2148450 0.2296067 0.2263001 0.0000010 0.2337903 0.2225761 0.2379953 0.2222640 0.2381376 0.2325976 0.2148450 0.2279469 0.2310154 0.2279469 0.2167025 0.2148450 0.2279469 0.2167379 0.2196618 0.2232819 0.2215364 0.2345914 0.2345914 0.2148450 0.2255313 0.2148450 0.2230250 0.2090301 0.2263001 0.2263001 0.2285119 0.2309976 0.2228107 0.2334139 0.2363974 0.2094240 0.2141469 0.1973545 0.2338307 
MH258839                   0.2477803 0.0000010 0.0000000 0.2288175 0.2288175 0.2580507 0.2207761 0.2154995 0.2148079 0.2593412 0.2138615 0.2297372 0.2372174 0.2217699 0.2309976 0.2329082 0.2329082 0.2396140 0.2368311 0.2309976 0.2315931 0.2340510 0.2296023 0.2335091 0.2165311 0.2155742 0.2310970 0.2363414 0.2271658 0.2196997 0.2167539 0.2309976 0.2229219 0.2186438 0.2250424 0.2044675 0.2366858 0.2145730 0.2329360 0.2225333 0.2225333 0.2225333 0.2225333 0.2278797 0.2278797 0.2281940 0.2293214 0.2321207 0.2292821 0.2234429 0.2210462 0.2242873 0.2230999 0.2309976 0.2155365 0.2309976 0.2205507 0.2247097 0.2309976 0.2338281 0.2186438 0.2203300 0.2148450 0.2148450 0.2296067 0.2263001 0.0000010 0.2337903 0.2225761 0.2379953 0.2222640 0.2381376 0.2325976 0.2148450 0.2279469 0.2310154 0.2279469 0.2167025 0.2148450 0.2279469 0.2167379 0.2196618 0.2232819 0.2215364 0.2345914 0.2345914 0.2148450 0.2255313 0.2148450 0.2230250 0.2090301 0.2263001 0.2263001 0.2285119 0.2309976 0.2228107 0.2334139 0.2363974 0.2094240 0.2141469 0.1973545 0.2338307 
DQ787139                   0.1480687 0.2288175 0.2288175 0.0000000 0.0000010 0.1113960 0.1007684 0.1052961 0.1041768 0.1128676 0.0981205 0.1041028 0.1063162 0.1041103 0.1012272 0.1025059 0.1025059 0.1076417 0.1019511 0.1012272 0.1036449 0.1023298 0.0999181 0.1027148 0.1041531 0.1016453 0.0992605 0.1002412 0.1038013 0.1013330 0.1042544 0.1012272 0.1032087 0.1004021 0.1090489 0.1050098 0.0972238 0.1045206 0.0999550 0.1047466 0.1047466 0.1047466 0.1047466 0.1109848 0.1109848 0.1027047 0.1024339 0.1031244 0.1000247 0.1055107 0.1015710 0.1059880 0.1077235 0.1012272 0.0990966 0.1012272 0.1063346 0.1050339 0.1012272 0.0982603 0.1004021 0.1041807 0.1055380 0.1055380 0.1087515 0.1187438 0.0000010 0.1088151 0.1111259 0.1085461 0.1027462 0.1050593 0.1077944 0.1055380 0.1098186 0.1114346 0.1098186 0.1068382 0.1055380 0.1098186 0.1060932 0.1037187 0.1009139 0.1025961 0.1012981 0.1012981 0.1055380 0.1078953 0.1055380 0.1131559 0.1077788 0.1187438 0.1187438 0.1070987 0.1012272 0.0995513 0.1092654 0.1121734 0.1086046 0.1061601 0.0907731 0.1120797 
DQ787140                   0.1480687 0.2288175 0.2288175 0.0000010 0.0000000 0.1113960 0.1007684 0.1052961 0.1041768 0.1128676 0.0981205 0.1041028 0.1063162 0.1041103 0.1012272 0.1025059 0.1025059 0.1076417 0.1019511 0.1012272 0.1036449 0.1023298 0.0999181 0.1027148 0.1041531 0.1016453 0.0992605 0.1002412 0.1038013 0.1013330 0.1042544 0.1012272 0.1032087 0.1004021 0.1090489 0.1050098 0.0972238 0.1045206 0.0999550 0.1047466 0.1047466 0.1047466 0.1047466 0.1109848 0.1109848 0.1027047 0.1024339 0.1031244 0.1000247 0.1055107 0.1015710 0.1059880 0.1077235 0.1012272 0.0990966 0.1012272 0.1063346 0.1050339 0.1012272 0.0982603 0.1004021 0.1041807 0.1055380 0.1055380 0.1087515 0.1187438 0.0000010 0.1088151 0.1111259 0.1085461 0.1027462 0.1050593 0.1077944 0.1055380 0.1098186 0.1114346 0.1098186 0.1068382 0.1055380 0.1098186 0.1060932 0.1037187 0.1009139 0.1025961 0.1012981 0.1012981 0.1055380 0.1078953 0.1055380 0.1131559 0.1077788 0.1187438 0.1187438 0.1070987 0.1012272 0.0995513 0.1092654 0.1121734 0.1086046 0.1061601 0.0907731 0.1120797 
JN974825                   0.1205342 0.2580507 0.2580507 0.1113960 0.1113960 0.0000000 0.1473373 0.1413553 0.1410987 0.1657042 0.1381259 0.1328506 0.1352720 0.1412607 0.1367240 0.1352242 0.1352242 0.1442695 0.1377793 0.1367240 0.1394955 0.1382228 0.1351062 0.1370117 0.1431076 0.1414233 0.1458607 0.1477095 0.1367240 0.1368782 0.1372166 0.1367240 0.1411484 0.1417470 0.1487535 0.1321474 0.1437090 0.1279233 0.1382314 0.1407962 0.1407962 0.1407962 0.1407962 0.1512131 0.1512131 0.1415437 0.1381075 0.1391179 0.1380835 0.1447914 0.1400647 0.1454261 0.1471915 0.1367240 0.1399074 0.1367240 0.1458198 0.1431218 0.1367240 0.1424900 0.1417470 0.1373633 0.1417167 0.1417167 0.1430210 0.1484515 0.0000010 0.1393665 0.1398040 0.1430823 0.1386284 0.1379364 0.1475931 0.1417167 0.1470549 0.1491123 0.1470549 0.1432311 0.1417167 0.1470549 0.1296445 0.1396045 0.1379078 0.1383487 0.1368318 0.1368318 0.1417167 0.1443818 0.1417167 0.1474013 0.1339590 0.1484515 0.1484515 0.1520814 0.1367240 0.1376343 0.1509720 0.1512918 0.1336553 0.1296172 0.1219300 0.1393394 
AB573762                   0.1856852 0.2207761 0.2207761 0.1007684 0.1007684 0.1473373 0.0000000 0.0171047 0.0139602 0.0472897 0.0106808 0.0366950 0.0402725 0.0139554 0.0162885 0.0171056 0.0171056 0.0203961 0.0187676 0.0162885 0.0179111 0.0171211 0.0155079 0.0155170 0.0162842 0.0179383 0.0325539 0.0323588 0.0163060 0.0155384 0.0179152 0.0146807 0.0171304 0.0170949 0.0195424 0.0137743 0.0323951 0.0117651 0.0154919 0.0155676 0.0155676 0.0155676 0.0155676 0.0188039 0.0188039 0.0147639 0.0138823 0.0155714 0.0154819 0.0170994 0.0179022 0.0155428 0.0187110 0.0146807 0.0179173 0.0146807 0.0179123 0.0179110 0.0146807 0.0307034 0.0170949 0.0179075 0.0187382 0.0187382 0.0248601 0.0418143 0.0000010 0.0346055 0.0344944 0.0195478 0.0163601 0.0181769 0.0334247 0.0187382 0.0230194 0.0238943 0.0230194 0.0195665 0.0187382 0.0230194 0.0127779 0.0155361 0.0122883 0.0147385 0.0162955 0.0162955 0.0187382 0.0203688 0.0187382 0.0254092 0.0148053 0.0418143 0.0418143 0.0075784 0.0146807 0.0114837 0.0315743 0.0364051 0.0383260 0.0365230 0.0149111 0.0366877 
AB573763                   0.1897038 0.2154995 0.2154995 0.1052961 0.1052961 0.1413553 0.0171047 0.0000000 0.0172171 0.0442949 0.0154698 0.0367457 0.0403283 0.0155862 0.0179322 0.0187574 0.0187574 0.0204232 0.0204376 0.0179322 0.0179348 0.0187749 0.0171471 0.0171572 0.0068087 0.0083686 0.0308474 0.0306618 0.0179517 0.0171803 0.0099262 0.0163100 0.0091585 0.0091408 0.0114943 0.0097506 0.0306961 0.0179469 0.0154957 0.0172129 0.0172129 0.0172129 0.0172129 0.0123489 0.0123489 0.0164024 0.0155046 0.0172174 0.0171183 0.0091427 0.0099193 0.0091869 0.0106998 0.0163100 0.0099270 0.0163100 0.0099242 0.0099235 0.0163100 0.0272632 0.0091408 0.0083552 0.0107146 0.0107146 0.0148744 0.0408108 0.0000010 0.0354242 0.0335333 0.0212213 0.0180108 0.0198571 0.0325715 0.0107146 0.0131745 0.0139946 0.0131745 0.0115074 0.0107146 0.0131745 0.0189924 0.0171777 0.0138955 0.0180020 0.0179400 0.0179400 0.0107146 0.0107102 0.0107146 0.0171211 0.0107594 0.0408108 0.0408108 0.0204244 0.0163100 0.0130817 0.0281204 0.0337339 0.0391546 0.0373478 0.0141167 0.0375160 
EU086200                   0.1930997 0.2148079 0.2148079 0.1041768 0.1041768 0.1410987 0.0139602 0.0172171 0.0000000 0.0457750 0.0107612 0.0380934 0.0417359 0.0045059 0.0147767 0.0155923 0.0155923 0.0188781 0.0188915 0.0147767 0.0163978 0.0156063 0.0139945 0.0140027 0.0163910 0.0180564 0.0310518 0.0308645 0.0147926 0.0140227 0.0163840 0.0131704 0.0156149 0.0172071 0.0180281 0.0169969 0.0308994 0.0128885 0.0139800 0.0140490 0.0140490 0.0140490 0.0140490 0.0189490 0.0189490 0.0132456 0.0139731 0.0140521 0.0139710 0.0155867 0.0163898 0.0156619 0.0171984 0.0131704 0.0180352 0.0131704 0.0163989 0.0163977 0.0131704 0.0274411 0.0172071 0.0180252 0.0172046 0.0172046 0.0232953 0.0421599 0.0000010 0.0348871 0.0347740 0.0180328 0.0148422 0.0166451 0.0327881 0.0172046 0.0214673 0.0223378 0.0214673 0.0180304 0.0172046 0.0214673 0.0139156 0.0140206 0.0107810 0.0132229 0.0147830 0.0147830 0.0172046 0.0188327 0.0172046 0.0238603 0.0159705 0.0421599 0.0421599 0.0188795 0.0131704 0.0099790 0.0300407 0.0348570 0.0349549 0.0349642 0.0117584 0.0388270 
EU086201                   0.2251377 0.2593412 0.2593412 0.1128676 0.1128676 0.1657042 0.0472897 0.0442949 0.0457750 0.0000000 0.0397140 0.0557131 0.0597507 0.0457539 0.0456647 0.0466463 0.0466463 0.0497858 0.0498859 0.0456647 0.0475815 0.0462116 0.0447944 0.0448244 0.0452561 0.0472629 0.0135286 0.0134473 0.0457245 0.0437516 0.0471858 0.0437695 0.0443820 0.0462083 0.0490744 0.0476096 0.0126462 0.0457906 0.0428014 0.0437909 0.0437909 0.0437909 0.0437909 0.0503185 0.0503185 0.0448118 0.0447188 0.0449882 0.0447118 0.0462325 0.0433181 0.0464508 0.0480791 0.0437695 0.0471985 0.0437695 0.0471856 0.0452865 0.0437695 0.0151419 0.0462083 0.0471605 0.0481644 0.0481644 0.0537640 0.0610012 0.0000010 0.0550933 0.0568830 0.0495209 0.0447507 0.0482303 0.0437871 0.0481644 0.0514392 0.0525222 0.0514392 0.0491519 0.0481644 0.0514392 0.0470070 0.0456385 0.0417072 0.0466194 0.0437360 0.0437360 0.0481644 0.0481384 0.0481644 0.0520386 0.0464649 0.0610012 0.0610012 0.0512879 0.0437695 0.0407170 0.0466067 0.0485158 0.0551091 0.0531296 0.0386273 0.0585708 
EU086202                   0.1872405 0.2138615 0.2138615 0.0981205 0.0981205 0.1381259 0.0106808 0.0154698 0.0107612 0.0397140 0.0000000 0.0341029 0.0376445 0.0107576 0.0099172 0.0107057 0.0107057 0.0138853 0.0138951 0.0099172 0.0114884 0.0107146 0.0099322 0.0107236 0.0146579 0.0162938 0.0273065 0.0271441 0.0114987 0.0099059 0.0162731 0.0099172 0.0138900 0.0154610 0.0162688 0.0158187 0.0271742 0.0097563 0.0107064 0.0107594 0.0107594 0.0107594 0.0107594 0.0171666 0.0171666 0.0099736 0.0107013 0.0107613 0.0106997 0.0138653 0.0146568 0.0139318 0.0154533 0.0099172 0.0162749 0.0099172 0.0146647 0.0146636 0.0099172 0.0255169 0.0154610 0.0162662 0.0170879 0.0170879 0.0231329 0.0362973 0.0000010 0.0310104 0.0291711 0.0146666 0.0106963 0.0132707 0.0281551 0.0170879 0.0213191 0.0221831 0.0213191 0.0179078 0.0170879 0.0213191 0.0107593 0.0099044 0.0075836 0.0091295 0.0114915 0.0114915 0.0170879 0.0187045 0.0170879 0.0220312 0.0148053 0.0362973 0.0362973 0.0138726 0.0099172 0.0068038 0.0263657 0.0310376 0.0328768 0.0311176 0.0116662 0.0330336 
EU086203                   0.1957925 0.2297372 0.2297372 0.1041028 0.1041028 0.1328506 0.0366950 0.0367457 0.0380934 0.0557131 0.0341029 0.0000000 0.0093277 0.0362435 0.0380073 0.0389499 0.0389499 0.0427318 0.0427634 0.0380073 0.0398562 0.0389978 0.0371554 0.0362404 0.0358122 0.0367741 0.0418086 0.0415497 0.0380550 0.0361645 0.0376507 0.0361783 0.0386851 0.0385875 0.0413525 0.0423876 0.0415981 0.0381500 0.0371157 0.0380739 0.0380739 0.0380739 0.0380739 0.0425154 0.0425154 0.0358308 0.0370939 0.0373144 0.0370882 0.0386049 0.0394937 0.0387883 0.0403977 0.0361783 0.0395349 0.0361783 0.0395240 0.0376453 0.0361783 0.0398114 0.0385875 0.0395059 0.0404662 0.0404662 0.0476816 0.0260098 0.0000010 0.0192365 0.0208571 0.0417250 0.0371178 0.0385431 0.0373284 0.0404662 0.0454584 0.0464960 0.0454584 0.0414143 0.0404662 0.0454584 0.0393409 0.0379867 0.0342152 0.0389286 0.0380267 0.0380267 0.0404662 0.0422946 0.0404662 0.0480357 0.0388190 0.0260098 0.0260098 0.0434484 0.0361783 0.0332695 0.0391531 0.0426752 0.0261540 0.0244341 0.0178098 0.0227961 
EU086204                   0.1924489 0.2372174 0.2372174 0.1063162 0.1063162 0.1352720 0.0402725 0.0403283 0.0417359 0.0597507 0.0376445 0.0093277 0.0000000 0.0398532 0.0397289 0.0406796 0.0406796 0.0444940 0.0445269 0.0397289 0.0415919 0.0407307 0.0388734 0.0379516 0.0393765 0.0403607 0.0455128 0.0452293 0.0397792 0.0397636 0.0412481 0.0378864 0.0415317 0.0422031 0.0450151 0.0471279 0.0452823 0.0403736 0.0388319 0.0417125 0.0417125 0.0417125 0.0417125 0.0462160 0.0462160 0.0396681 0.0388089 0.0390401 0.0388029 0.0422235 0.0431237 0.0424235 0.0440413 0.0378864 0.0431703 0.0378864 0.0431584 0.0412431 0.0378864 0.0434709 0.0422031 0.0431371 0.0441177 0.0441177 0.0494922 0.0286682 0.0000010 0.0242395 0.0234287 0.0434756 0.0407379 0.0402861 0.0390553 0.0441177 0.0472401 0.0482905 0.0472401 0.0450841 0.0441177 0.0472401 0.0415764 0.0416155 0.0377705 0.0425754 0.0397494 0.0397494 0.0441177 0.0440378 0.0441177 0.0506187 0.0434810 0.0286682 0.0286682 0.0471644 0.0378864 0.0368045 0.0408929 0.0463912 0.0270413 0.0253097 0.0211296 0.0261688 
EU086205                   0.1949269 0.2217699 0.2217699 0.1041103 0.1041103 0.1412607 0.0139554 0.0155862 0.0045059 0.0457539 0.0107576 0.0362435 0.0398532 0.0000000 0.0115722 0.0123736 0.0123736 0.0156044 0.0156154 0.0115722 0.0131678 0.0123842 0.0107972 0.0108034 0.0131489 0.0147803 0.0310392 0.0308521 0.0115844 0.0108197 0.0131572 0.0099907 0.0107893 0.0123535 0.0131539 0.0118296 0.0291466 0.0098360 0.0107860 0.0108397 0.0108397 0.0108397 0.0108397 0.0140287 0.0140287 0.0084608 0.0107808 0.0108416 0.0107792 0.0107704 0.0115567 0.0108227 0.0123475 0.0099907 0.0131585 0.0099907 0.0115627 0.0115619 0.0099907 0.0257159 0.0123535 0.0131517 0.0139638 0.0139638 0.0199195 0.0384586 0.0000010 0.0312970 0.0311982 0.0147767 0.0116238 0.0133712 0.0274968 0.0139638 0.0181394 0.0189912 0.0181394 0.0147753 0.0139638 0.0181394 0.0108472 0.0108181 0.0076394 0.0116187 0.0115771 0.0115771 0.0139638 0.0155684 0.0139638 0.0205124 0.0108252 0.0384586 0.0384586 0.0172333 0.0099907 0.0068537 0.0248351 0.0294923 0.0331833 0.0331923 0.0077570 0.0351513 
LC550018                   0.1865666 0.2309976 0.2309976 0.1012272 0.1012272 0.1367240 0.0162885 0.0179322 0.0147767 0.0456647 0.0099172 0.0380073 0.0397289 0.0115722 0.0000000 0.0007435 0.0007435 0.0037486 0.0037511 0.0000010 0.0014892 0.0007440 0.0000010 0.0007447 0.0171072 0.0187708 0.0309865 0.0308002 0.0029921 0.0115528 0.0171183 0.0014890 0.0147215 0.0163006 0.0171137 0.0179353 0.0290972 0.0019054 0.0022389 0.0115741 0.0115741 0.0115741 0.0115741 0.0180214 0.0180214 0.0107837 0.0022379 0.0022501 0.0022376 0.0146952 0.0154912 0.0147658 0.0162925 0.0014890 0.0171203 0.0014890 0.0154996 0.0154985 0.0014890 0.0256744 0.0163006 0.0171109 0.0179387 0.0179387 0.0240341 0.0402185 0.0000010 0.0330202 0.0329148 0.0060260 0.0123563 0.0045763 0.0292149 0.0179387 0.0222030 0.0230742 0.0222030 0.0187643 0.0179387 0.0222030 0.0028652 0.0115511 0.0068189 0.0123508 0.0029903 0.0029903 0.0179387 0.0195653 0.0179387 0.0229154 0.0169107 0.0402185 0.0402185 0.0179555 0.0014890 0.0060421 0.0272844 0.0302412 0.0367306 0.0349304 0.0124946 0.0369068 
LC550019                   0.1847912 0.2329082 0.2329082 0.1025059 0.1025059 0.1352242 0.0171056 0.0187574 0.0155923 0.0466463 0.0107057 0.0389499 0.0406796 0.0123736 0.0007435 0.0000000 0.0000010 0.0045087 0.0045118 0.0007435 0.0022390 0.0014914 0.0007446 0.0014928 0.0179283 0.0196008 0.0318820 0.0316900 0.0037487 0.0123526 0.0179400 0.0022387 0.0155341 0.0171183 0.0179351 0.0189907 0.0299814 0.0028665 0.0029921 0.0123755 0.0123755 0.0123755 0.0123755 0.0188508 0.0188508 0.0115818 0.0029907 0.0030070 0.0029903 0.0155062 0.0163052 0.0155806 0.0171097 0.0022387 0.0179421 0.0022387 0.0163142 0.0163130 0.0022387 0.0265427 0.0171183 0.0179322 0.0187643 0.0187643 0.0248969 0.0411631 0.0000010 0.0339331 0.0338241 0.0067953 0.0131603 0.0053509 0.0301031 0.0187643 0.0230528 0.0239292 0.0230528 0.0195939 0.0187643 0.0230528 0.0038315 0.0123508 0.0075946 0.0131543 0.0037465 0.0037465 0.0187643 0.0203975 0.0187643 0.0237640 0.0179614 0.0411631 0.0411631 0.0187820 0.0022387 0.0068136 0.0281574 0.0311347 0.0376625 0.0358543 0.0133079 0.0378432 
LC550020                   0.1847912 0.2329082 0.2329082 0.1025059 0.1025059 0.1352242 0.0171056 0.0187574 0.0155923 0.0466463 0.0107057 0.0389499 0.0406796 0.0123736 0.0007435 0.0000010 0.0000000 0.0045087 0.0045118 0.0007435 0.0022390 0.0014914 0.0007446 0.0014928 0.0179283 0.0196008 0.0318820 0.0316900 0.0037487 0.0123526 0.0179400 0.0022387 0.0155341 0.0171183 0.0179351 0.0189907 0.0299814 0.0028665 0.0029921 0.0123755 0.0123755 0.0123755 0.0123755 0.0188508 0.0188508 0.0115818 0.0029907 0.0030070 0.0029903 0.0155062 0.0163052 0.0155806 0.0171097 0.0022387 0.0179421 0.0022387 0.0163142 0.0163130 0.0022387 0.0265427 0.0171183 0.0179322 0.0187643 0.0187643 0.0248969 0.0411631 0.0000010 0.0339331 0.0338241 0.0067953 0.0131603 0.0053509 0.0301031 0.0187643 0.0230528 0.0239292 0.0230528 0.0195939 0.0187643 0.0230528 0.0038315 0.0123508 0.0075946 0.0131543 0.0037465 0.0037465 0.0187643 0.0203975 0.0187643 0.0237640 0.0179614 0.0411631 0.0411631 0.0187820 0.0022387 0.0068136 0.0281574 0.0311347 0.0376625 0.0358543 0.0133079 0.0378432 
LC550022                   0.1924052 0.2396140 0.2396140 0.1076417 0.1076417 0.1442695 0.0203961 0.0204232 0.0188781 0.0497858 0.0138853 0.0427318 0.0444940 0.0156044 0.0037486 0.0045087 0.0045087 0.0000000 0.0075863 0.0037486 0.0052695 0.0045121 0.0037542 0.0045163 0.0212342 0.0229415 0.0347114 0.0345009 0.0068067 0.0155770 0.0212483 0.0052688 0.0188079 0.0204112 0.0212421 0.0221844 0.0327672 0.0057820 0.0060361 0.0156064 0.0156064 0.0156064 0.0156064 0.0221896 0.0221896 0.0148003 0.0060333 0.0060670 0.0060324 0.0187735 0.0195839 0.0188632 0.0204007 0.0052688 0.0212511 0.0052688 0.0195952 0.0195938 0.0052688 0.0292732 0.0204112 0.0212388 0.0220879 0.0220879 0.0266408 0.0430818 0.0000010 0.0375995 0.0356665 0.0099002 0.0164011 0.0084769 0.0336679 0.0220879 0.0247694 0.0256569 0.0247694 0.0229331 0.0220879 0.0247694 0.0067627 0.0155747 0.0107254 0.0163932 0.0068026 0.0068026 0.0220879 0.0220780 0.0220879 0.0271765 0.0211415 0.0430818 0.0430818 0.0204503 0.0052688 0.0099276 0.0316670 0.0347234 0.0406226 0.0387846 0.0165865 0.0416018 
LC550023                   0.1884962 0.2368311 0.2368311 0.1019511 0.1019511 0.1377793 0.0187676 0.0204376 0.0188915 0.0498859 0.0138951 0.0427634 0.0445269 0.0156154 0.0037511 0.0045118 0.0045118 0.0075863 0.0000000 0.0037511 0.0052731 0.0045162 0.0037567 0.0045193 0.0195992 0.0196377 0.0355040 0.0352890 0.0068114 0.0155880 0.0196121 0.0052724 0.0171670 0.0187816 0.0212572 0.0190362 0.0326285 0.0067687 0.0060403 0.0156174 0.0156174 0.0156174 0.0156174 0.0222054 0.0222054 0.0148108 0.0045100 0.0060712 0.0060366 0.0187868 0.0179407 0.0188766 0.0204151 0.0052724 0.0179754 0.0052724 0.0196090 0.0196076 0.0052724 0.0300555 0.0187816 0.0196035 0.0204452 0.0204452 0.0266599 0.0449851 0.0000010 0.0376271 0.0375026 0.0099071 0.0164127 0.0084829 0.0336924 0.0204452 0.0247871 0.0256753 0.0247871 0.0212838 0.0204452 0.0247871 0.0077552 0.0155857 0.0107329 0.0164048 0.0068073 0.0068073 0.0204452 0.0220936 0.0204452 0.0254966 0.0222258 0.0449851 0.0449851 0.0204648 0.0052724 0.0099345 0.0316898 0.0347486 0.0414334 0.0395927 0.0165984 0.0387936 
LC550024                   0.1865666 0.2309976 0.2309976 0.1012272 0.1012272 0.1367240 0.0162885 0.0179322 0.0147767 0.0456647 0.0099172 0.0380073 0.0397289 0.0115722 0.0000010 0.0007435 0.0007435 0.0037486 0.0037511 0.0000000 0.0014892 0.0007440 0.0000010 0.0007447 0.0171072 0.0187708 0.0309865 0.0308002 0.0029921 0.0115528 0.0171183 0.0014890 0.0147215 0.0163006 0.0171137 0.0179353 0.0290972 0.0019054 0.0022389 0.0115741 0.0115741 0.0115741 0.0115741 0.0180214 0.0180214 0.0107837 0.0022379 0.0022501 0.0022376 0.0146952 0.0154912 0.0147658 0.0162925 0.0014890 0.0171203 0.0014890 0.0154996 0.0154985 0.0014890 0.0256744 0.0163006 0.0171109 0.0179387 0.0179387 0.0240341 0.0402185 0.0000010 0.0330202 0.0329148 0.0060260 0.0123563 0.0045763 0.0292149 0.0179387 0.0222030 0.0230742 0.0222030 0.0187643 0.0179387 0.0222030 0.0028652 0.0115511 0.0068189 0.0123508 0.0029903 0.0029903 0.0179387 0.0195653 0.0179387 0.0229154 0.0169107 0.0402185 0.0402185 0.0179555 0.0014890 0.0060421 0.0272844 0.0302412 0.0367306 0.0349304 0.0124946 0.0369068 
LC550025                   0.1834425 0.2315931 0.2315931 0.1036449 0.1036449 0.1394955 0.0179111 0.0179348 0.0163978 0.0475815 0.0114884 0.0398562 0.0415919 0.0131678 0.0014892 0.0022390 0.0022390 0.0052695 0.0052731 0.0014892 0.0000000 0.0022407 0.0014914 0.0022427 0.0171097 0.0187736 0.0327501 0.0325528 0.0045054 0.0131452 0.0171208 0.0029896 0.0147237 0.0163030 0.0171162 0.0179387 0.0308395 0.0038296 0.0037459 0.0131697 0.0131697 0.0131697 0.0131697 0.0180241 0.0180241 0.0123735 0.0037442 0.0037655 0.0037437 0.0146974 0.0154935 0.0147680 0.0162949 0.0029896 0.0171228 0.0029896 0.0155019 0.0155008 0.0029896 0.0273896 0.0163030 0.0171134 0.0179413 0.0179413 0.0240377 0.0420688 0.0000010 0.0348161 0.0347036 0.0075621 0.0139564 0.0061241 0.0309651 0.0179413 0.0222063 0.0230777 0.0222063 0.0187670 0.0179413 0.0222063 0.0028657 0.0131433 0.0083673 0.0139500 0.0045028 0.0045028 0.0179413 0.0195681 0.0179413 0.0229188 0.0169139 0.0420688 0.0420688 0.0195953 0.0029896 0.0075826 0.0290075 0.0320017 0.0385600 0.0367459 0.0141131 0.0387448 
LC550026                   0.1891141 0.2340510 0.2340510 0.1023298 0.1023298 0.1382228 0.0171211 0.0187749 0.0156063 0.0462116 0.0107146 0.0389978 0.0407307 0.0123842 0.0007440 0.0014914 0.0014914 0.0045121 0.0045162 0.0007440 0.0022407 0.0000000 0.0007451 0.0014939 0.0179448 0.0196193 0.0313773 0.0311869 0.0037515 0.0123632 0.0179565 0.0022403 0.0155480 0.0171339 0.0179516 0.0190133 0.0294677 0.0028692 0.0029942 0.0123861 0.0123861 0.0123861 0.0123861 0.0188684 0.0188684 0.0115917 0.0029929 0.0030091 0.0029925 0.0155201 0.0163199 0.0155946 0.0171253 0.0022403 0.0179586 0.0022403 0.0163289 0.0163277 0.0022403 0.0256744 0.0171339 0.0179487 0.0187817 0.0187817 0.0249223 0.0412145 0.0000010 0.0339722 0.0338628 0.0068006 0.0131717 0.0053551 0.0301359 0.0187817 0.0230756 0.0239532 0.0230756 0.0196123 0.0187817 0.0230756 0.0038351 0.0123614 0.0076007 0.0131657 0.0037493 0.0037493 0.0187817 0.0204169 0.0187817 0.0237876 0.0179826 0.0412145 0.0412145 0.0187995 0.0022403 0.0068189 0.0281872 0.0311691 0.0377079 0.0358967 0.0133196 0.0378891 
MN726844                   0.1869935 0.2296023 0.2296023 0.0999181 0.0999181 0.1351062 0.0155079 0.0171471 0.0139945 0.0447944 0.0099322 0.0371554 0.0388734 0.0107972 0.0000010 0.0007446 0.0007446 0.0037542 0.0037567 0.0000010 0.0014914 0.0007451 0.0000000 0.0000010 0.0163244 0.0179830 0.0301628 0.0299812 0.0022433 0.0107791 0.0163350 0.0007443 0.0139420 0.0155194 0.0163306 0.0169321 0.0282810 0.0009523 0.0014921 0.0107990 0.0107990 0.0107990 0.0107990 0.0172326 0.0172326 0.0100101 0.0014914 0.0014996 0.0014912 0.0139172 0.0147119 0.0139842 0.0155117 0.0007443 0.0163368 0.0007443 0.0147198 0.0147188 0.0007443 0.0248648 0.0155194 0.0163280 0.0171533 0.0171533 0.0232262 0.0393698 0.0000010 0.0321848 0.0320826 0.0052710 0.0115802 0.0038129 0.0283951 0.0171533 0.0214036 0.0222716 0.0214036 0.0179767 0.0171533 0.0214036 0.0019093 0.0107775 0.0060592 0.0115751 0.0022420 0.0022420 0.0171533 0.0187768 0.0171533 0.0221185 0.0159093 0.0393698 0.0393698 0.0171693 0.0007443 0.0052850 0.0264737 0.0294176 0.0358858 0.0340890 0.0117098 0.0360582 
MN726850                   0.1887890 0.2335091 0.2335091 0.1027148 0.1027148 0.1370117 0.0155170 0.0171572 0.0140027 0.0448244 0.0107236 0.0362404 0.0379516 0.0108034 0.0007447 0.0014928 0.0014928 0.0045163 0.0045193 0.0007447 0.0022427 0.0014939 0.0000010 0.0000000 0.0163340 0.0179803 0.0301817 0.0299999 0.0022446 0.0107853 0.0163446 0.0007447 0.0139502 0.0155285 0.0163403 0.0168958 0.0282985 0.0009504 0.0014929 0.0108052 0.0108052 0.0108052 0.0108052 0.0172428 0.0172428 0.0100159 0.0014923 0.0015004 0.0014921 0.0139253 0.0147205 0.0139924 0.0155208 0.0007447 0.0163464 0.0007447 0.0147284 0.0147274 0.0007447 0.0248800 0.0155285 0.0163376 0.0171634 0.0171634 0.0232403 0.0384542 0.0000010 0.0322052 0.0311975 0.0052730 0.0115870 0.0038151 0.0284127 0.0171634 0.0214165 0.0222851 0.0214165 0.0179874 0.0171634 0.0214165 0.0019054 0.0107838 0.0060626 0.0115818 0.0022433 0.0022433 0.0171634 0.0187880 0.0171634 0.0221318 0.0158752 0.0384542 0.0384542 0.0171794 0.0007447 0.0052880 0.0264900 0.0285462 0.0349807 0.0331908 0.0109082 0.0351488 
MN726856                   0.1902815 0.2165311 0.2165311 0.1041531 0.1041531 0.1431076 0.0162842 0.0068087 0.0163910 0.0452561 0.0146579 0.0358122 0.0393765 0.0131489 0.0171072 0.0179283 0.0179283 0.0212342 0.0195992 0.0171072 0.0171097 0.0179448 0.0163244 0.0163340 0.0000000 0.0014917 0.0317340 0.0315437 0.0171257 0.0163563 0.0029940 0.0154924 0.0068180 0.0022404 0.0091274 0.0028678 0.0315791 0.0169050 0.0163076 0.0163872 0.0163872 0.0163872 0.0163872 0.0099590 0.0099590 0.0139536 0.0146906 0.0163913 0.0162971 0.0068063 0.0075739 0.0068394 0.0083449 0.0154924 0.0029942 0.0154924 0.0075775 0.0075770 0.0154924 0.0281308 0.0022404 0.0029929 0.0037509 0.0037509 0.0092429 0.0416932 0.0000010 0.0345030 0.0343926 0.0203810 0.0171823 0.0173651 0.0334250 0.0037509 0.0076254 0.0084141 0.0076254 0.0045115 0.0037509 0.0076254 0.0179453 0.0163539 0.0130892 0.0171740 0.0171146 0.0171146 0.0037509 0.0052700 0.0037509 0.0099165 0.0077564 0.0416932 0.0416932 0.0212352 0.0154924 0.0122801 0.0289580 0.0345944 0.0382135 0.0364152 0.0116826 0.0365791 
MN726865                   0.1904726 0.2155742 0.2155742 0.1016453 0.1016453 0.1414233 0.0179383 0.0083686 0.0180564 0.0472629 0.0162938 0.0367741 0.0403607 0.0147803 0.0187708 0.0196008 0.0196008 0.0229415 0.0196377 0.0187708 0.0187736 0.0196193 0.0179830 0.0179803 0.0014917 0.0000000 0.0335650 0.0333629 0.0187914 0.0180175 0.0045156 0.0171403 0.0083801 0.0037543 0.0107088 0.0019075 0.0334006 0.0179453 0.0179644 0.0180519 0.0180519 0.0180519 0.0180519 0.0115564 0.0115564 0.0155933 0.0163308 0.0180568 0.0179527 0.0083657 0.0091398 0.0084062 0.0099178 0.0171403 0.0014917 0.0171403 0.0091443 0.0091437 0.0171403 0.0299175 0.0037543 0.0045139 0.0052814 0.0052814 0.0108449 0.0426824 0.0000010 0.0363728 0.0353367 0.0220774 0.0188531 0.0190513 0.0352705 0.0052814 0.0092023 0.0100007 0.0092023 0.0060503 0.0052814 0.0092023 0.0189907 0.0180148 0.0147130 0.0188438 0.0187790 0.0187790 0.0052814 0.0068136 0.0052814 0.0115070 0.0087480 0.0426824 0.0426824 0.0229421 0.0171403 0.0138940 0.0307514 0.0355401 0.0391855 0.0373768 0.0125021 0.0375453 
MN726870                   0.2039179 0.2310970 0.2310970 0.0992605 0.0992605 0.1458607 0.0325539 0.0308474 0.0310518 0.0135286 0.0273065 0.0418086 0.0455128 0.0310392 0.0309865 0.0318820 0.0318820 0.0347114 0.0355040 0.0309865 0.0327501 0.0313773 0.0301628 0.0301817 0.0317340 0.0335650 0.0000000 0.0014983 0.0310234 0.0292310 0.0335161 0.0292411 0.0309005 0.0326164 0.0352765 0.0357566 0.0014999 0.0325680 0.0283578 0.0310389 0.0310389 0.0310389 0.0310389 0.0363661 0.0363661 0.0301714 0.0301145 0.0302891 0.0301099 0.0326292 0.0299515 0.0327835 0.0343620 0.0292411 0.0335225 0.0292411 0.0335132 0.0317510 0.0292411 0.0030184 0.0326164 0.0334998 0.0344177 0.0344177 0.0412803 0.0437902 0.0000010 0.0394662 0.0411717 0.0345312 0.0301318 0.0332075 0.0292464 0.0344177 0.0391791 0.0401628 0.0391791 0.0353263 0.0344177 0.0391791 0.0337064 0.0309709 0.0273921 0.0318658 0.0310014 0.0310014 0.0344177 0.0361803 0.0344177 0.0398659 0.0346547 0.0437902 0.0437902 0.0361939 0.0292411 0.0264986 0.0318493 0.0336099 0.0401717 0.0383554 0.0243580 0.0435135 
MN726872                   0.2087792 0.2363414 0.2363414 0.1002412 0.1002412 0.1477095 0.0323588 0.0306618 0.0308645 0.0134473 0.0271441 0.0415497 0.0452293 0.0308521 0.0308002 0.0316900 0.0316900 0.0345009 0.0352890 0.0308002 0.0325528 0.0311869 0.0299812 0.0299999 0.0315437 0.0333629 0.0014983 0.0000000 0.0308366 0.0290546 0.0333146 0.0290646 0.0307141 0.0324206 0.0350641 0.0343552 0.0014913 0.0311989 0.0281870 0.0308519 0.0308519 0.0308519 0.0308519 0.0361459 0.0361459 0.0299897 0.0299335 0.0301061 0.0299290 0.0324332 0.0297716 0.0325858 0.0341555 0.0290646 0.0333209 0.0290646 0.0333117 0.0315604 0.0290646 0.0014950 0.0324206 0.0332985 0.0342105 0.0342105 0.0410269 0.0446569 0.0000010 0.0392239 0.0409194 0.0343228 0.0299506 0.0330053 0.0290700 0.0342105 0.0389405 0.0399175 0.0389405 0.0351134 0.0342105 0.0389405 0.0323228 0.0307847 0.0272287 0.0316740 0.0308149 0.0308149 0.0342105 0.0359622 0.0342105 0.0396243 0.0332651 0.0446569 0.0446569 0.0359756 0.0290646 0.0263408 0.0316576 0.0334072 0.0411331 0.0393071 0.0242109 0.0432436 
barcode01/ARTIC/medaka     0.1853375 0.2271658 0.2271658 0.1038013 0.1038013 0.1367240 0.0163060 0.0179517 0.0147926 0.0457245 0.0114987 0.0380550 0.0397792 0.0115844 0.0029921 0.0037487 0.0037487 0.0068067 0.0068114 0.0029921 0.0045054 0.0037515 0.0022433 0.0022446 0.0171257 0.0187914 0.0310234 0.0308366 0.0000000 0.0124636 0.0166032 0.0043504 0.0157483 0.0167046 0.0162652 0.0179236 0.0358605 0.0016136 0.0022098 0.0140342 0.0136066 0.0135924 0.0140176 0.0176734 0.0173051 0.0141763 0.0043523 0.0027064 0.0021588 0.0159743 0.0158103 0.0163186 0.0161136 0.0042613 0.0179919 0.0020290 0.0155790 0.0162620 0.0045322 0.0342680 0.0169000 0.0167113 0.0179284 0.0182263 0.0196561 0.0356483 0.0000010 0.0364212 0.0351987 0.0063536 0.0131521 0.0050013 0.0428593 0.0183226 0.0195800 0.0195848 0.0198336 0.0180269 0.0179263 0.0198579 0.0035694 0.0137124 0.0112601 0.0142892 0.0053754 0.0053754 0.0178696 0.0196326 0.0179374 0.0195054 0.0180450 0.0355470 0.0357756 0.0174295 0.0034532 0.0121915 0.0390285 0.0395788 0.0354323 0.0345661 0.0202138 0.0342802 
barcode02/ARTIC/medaka     0.1871199 0.2196997 0.2196997 0.1013330 0.1013330 0.1368782 0.0155384 0.0171803 0.0140227 0.0437516 0.0099059 0.0361645 0.0397636 0.0108197 0.0115528 0.0123526 0.0123526 0.0155770 0.0155880 0.0115528 0.0131452 0.0123632 0.0107791 0.0107853 0.0163563 0.0180175 0.0292310 0.0290546 0.0124636 0.0000000 0.0154056 0.0122834 0.0144884 0.0154246 0.0152663 0.0171318 0.0352100 0.0116273 0.0120530 0.0094470 0.0090168 0.0091014 0.0093199 0.0160871 0.0152367 0.0134328 0.0123369 0.0120916 0.0115176 0.0150733 0.0142660 0.0148671 0.0149537 0.0120552 0.0172046 0.0114813 0.0145954 0.0156235 0.0125953 0.0344273 0.0156114 0.0157932 0.0161940 0.0163825 0.0183409 0.0344945 0.0000010 0.0342893 0.0337964 0.0144132 0.0010541 0.0124487 0.0415809 0.0166632 0.0184406 0.0184449 0.0184183 0.0161924 0.0160175 0.0184128 0.0139362 0.0048047 0.0113867 0.0051499 0.0129808 0.0129808 0.0159036 0.0181859 0.0159709 0.0182713 0.0170643 0.0343622 0.0346170 0.0164847 0.0124007 0.0121034 0.0371283 0.0390547 0.0341991 0.0330836 0.0194874 0.0339552 
barcode26/ARTIC/medaka     0.1869528 0.2167539 0.2167539 0.1042544 0.1042544 0.1372166 0.0179152 0.0099262 0.0163840 0.0471858 0.0162731 0.0376507 0.0412481 0.0131572 0.0171183 0.0179400 0.0179400 0.0212483 0.0196121 0.0171183 0.0171208 0.0179565 0.0163350 0.0163446 0.0029940 0.0045156 0.0335161 0.0333146 0.0166032 0.0154056 0.0000000 0.0163821 0.0057850 0.0026413 0.0062296 0.0038849 0.0349116 0.0159669 0.0161965 0.0176192 0.0167674 0.0169120 0.0171923 0.0068714 0.0069416 0.0171621 0.0163638 0.0161440 0.0157084 0.0058095 0.0059537 0.0056027 0.0055982 0.0160925 0.0042482 0.0154988 0.0057426 0.0062963 0.0168438 0.0339949 0.0028191 0.0031757 0.0033310 0.0033307 0.0042505 0.0350818 0.0000010 0.0351330 0.0348814 0.0178393 0.0164374 0.0166056 0.0433237 0.0034210 0.0042472 0.0043378 0.0043367 0.0032398 0.0031488 0.0044251 0.0177368 0.0165587 0.0155195 0.0174363 0.0167596 0.0167596 0.0031155 0.0042453 0.0033925 0.0049730 0.0077884 0.0356485 0.0353130 0.0168378 0.0165496 0.0160827 0.0386357 0.0385457 0.0351497 0.0342930 0.0194719 0.0340383 
barcode37/ARTIC/medaka     0.1865666 0.2309976 0.2309976 0.1012272 0.1012272 0.1367240 0.0146807 0.0163100 0.0131704 0.0437695 0.0099172 0.0361783 0.0378864 0.0099907 0.0014890 0.0022387 0.0022387 0.0052688 0.0052724 0.0014890 0.0029896 0.0022403 0.0007443 0.0007447 0.0154924 0.0171403 0.0292411 0.0290646 0.0043504 0.0122834 0.0163821 0.0000000 0.0156508 0.0164156 0.0160228 0.0176761 0.0363181 0.0033351 0.0039040 0.0139443 0.0134255 0.0135041 0.0138358 0.0174774 0.0170986 0.0140677 0.0024686 0.0041633 0.0035183 0.0158770 0.0157073 0.0160303 0.0160172 0.0006131 0.0177670 0.0033620 0.0155772 0.0161626 0.0028242 0.0347194 0.0166106 0.0166143 0.0178284 0.0181260 0.0195563 0.0353342 0.0000010 0.0355715 0.0349999 0.0044405 0.0128664 0.0049072 0.0422004 0.0182223 0.0193509 0.0193557 0.0197337 0.0179268 0.0178263 0.0198558 0.0045553 0.0131536 0.0112685 0.0137286 0.0032367 0.0032367 0.0176678 0.0195329 0.0177358 0.0194041 0.0179101 0.0353208 0.0354612 0.0171439 0.0046155 0.0121122 0.0383962 0.0390188 0.0344503 0.0339432 0.0199228 0.0335768 
barcode85/ARTIC/medaka     0.1939004 0.2229219 0.2229219 0.1032087 0.1032087 0.1411484 0.0171304 0.0091585 0.0156149 0.0443820 0.0138900 0.0386851 0.0415317 0.0107893 0.0147215 0.0155341 0.0155341 0.0188079 0.0171670 0.0147215 0.0147237 0.0155480 0.0139420 0.0139502 0.0068180 0.0083801 0.0309005 0.0307141 0.0157483 0.0144884 0.0057850 0.0156508 0.0000000 0.0054218 0.0057211 0.0066378 0.0352715 0.0148361 0.0156494 0.0161398 0.0154521 0.0154737 0.0158646 0.0065819 0.0063388 0.0165018 0.0160246 0.0155873 0.0151625 0.0053515 0.0010066 0.0052450 0.0051534 0.0156636 0.0071493 0.0150587 0.0051834 0.0058206 0.0162843 0.0342547 0.0056011 0.0059592 0.0073583 0.0073576 0.0083006 0.0344380 0.0000010 0.0348349 0.0344856 0.0178578 0.0156593 0.0161446 0.0428987 0.0076320 0.0084306 0.0085240 0.0083843 0.0074490 0.0073568 0.0084628 0.0166636 0.0155448 0.0148941 0.0162872 0.0162539 0.0162539 0.0073079 0.0082917 0.0075866 0.0084542 0.0074931 0.0350495 0.0345606 0.0162622 0.0159969 0.0154472 0.0380383 0.0377246 0.0353373 0.0344917 0.0193435 0.0341874 
barcode14/ARTIC/medaka     0.1852008 0.2186438 0.2186438 0.1004021 0.1004021 0.1417470 0.0170949 0.0091408 0.0172071 0.0462083 0.0154610 0.0385875 0.0422031 0.0123535 0.0163006 0.0171183 0.0171183 0.0204112 0.0187816 0.0163006 0.0163030 0.0171339 0.0155194 0.0155285 0.0022404 0.0037543 0.0326164 0.0324206 0.0167046 0.0154246 0.0026413 0.0164156 0.0054218 0.0000000 0.0058212 0.0034815 0.0355309 0.0156526 0.0163978 0.0176082 0.0167691 0.0169127 0.0172450 0.0065799 0.0067228 0.0172530 0.0163980 0.0164471 0.0158266 0.0054397 0.0055673 0.0051501 0.0050596 0.0162251 0.0035562 0.0158039 0.0050857 0.0058922 0.0168463 0.0346404 0.0005070 0.0025538 0.0039201 0.0040963 0.0050621 0.0357421 0.0000010 0.0353944 0.0353093 0.0179721 0.0165203 0.0165174 0.0429584 0.0041839 0.0051392 0.0052288 0.0050583 0.0040081 0.0039920 0.0051586 0.0173353 0.0163633 0.0156268 0.0171179 0.0166574 0.0166574 0.0039911 0.0050602 0.0042596 0.0057795 0.0074839 0.0363784 0.0358659 0.0171291 0.0167452 0.0161740 0.0382137 0.0387218 0.0360292 0.0350498 0.0199431 0.0349090 
barcode61/ARTIC/medaka     0.1975217 0.2250424 0.2250424 0.1090489 0.1090489 0.1487535 0.0195424 0.0114943 0.0180281 0.0490744 0.0162688 0.0413525 0.0450151 0.0131539 0.0171137 0.0179351 0.0179351 0.0212421 0.0212572 0.0171137 0.0171162 0.0179516 0.0163306 0.0163403 0.0091274 0.0107088 0.0352765 0.0350641 0.0162652 0.0152663 0.0062296 0.0160228 0.0057211 0.0058212 0.0000000 0.0073239 0.0363679 0.0156242 0.0155884 0.0166792 0.0160296 0.0160155 0.0166945 0.0066379 0.0064735 0.0167106 0.0162486 0.0156642 0.0152600 0.0051045 0.0055359 0.0051070 0.0006916 0.0158357 0.0075703 0.0150603 0.0050013 0.0058183 0.0166813 0.0352760 0.0061281 0.0064374 0.0075668 0.0078765 0.0090264 0.0367407 0.0000010 0.0362411 0.0363213 0.0184573 0.0160977 0.0162023 0.0432244 0.0079784 0.0091233 0.0092300 0.0092273 0.0077731 0.0076693 0.0092015 0.0163697 0.0162380 0.0151776 0.0172206 0.0163963 0.0163963 0.0077209 0.0089115 0.0078106 0.0093202 0.0072531 0.0368501 0.0370069 0.0164040 0.0161315 0.0153786 0.0391307 0.0390686 0.0357293 0.0348841 0.0202125 0.0350497 
barcode13/ARTIC/medaka     0.1848936 0.2044675 0.2044675 0.1050098 0.1050098 0.1321474 0.0137743 0.0097506 0.0169969 0.0476096 0.0158187 0.0423876 0.0471279 0.0118296 0.0179353 0.0189907 0.0189907 0.0221844 0.0190362 0.0179353 0.0179387 0.0190133 0.0169321 0.0168958 0.0028678 0.0019075 0.0357566 0.0343552 0.0179236 0.0171318 0.0038849 0.0176761 0.0066378 0.0034815 0.0073239 0.0000000 0.0382619 0.0169946 0.0174996 0.0191557 0.0183340 0.0183121 0.0188202 0.0081796 0.0086315 0.0187092 0.0175792 0.0175488 0.0171915 0.0069537 0.0072186 0.0067385 0.0064263 0.0174895 0.0001969 0.0168141 0.0068435 0.0074164 0.0183421 0.0368310 0.0036830 0.0032818 0.0056302 0.0059427 0.0067324 0.0374710 0.0000010 0.0360672 0.0370076 0.0199167 0.0182751 0.0179525 0.0446552 0.0060459 0.0066287 0.0066297 0.0069348 0.0058384 0.0057339 0.0070956 0.0183731 0.0181147 0.0169456 0.0191095 0.0178819 0.0178819 0.0059629 0.0070338 0.0062811 0.0069857 0.0087999 0.0375425 0.0376050 0.0175856 0.0176764 0.0176942 0.0398569 0.0399660 0.0365811 0.0365178 0.0215475 0.0351090 
barcode25/ARTIC/medaka     0.2041851 0.2366858 0.2366858 0.0972238 0.0972238 0.1437090 0.0323951 0.0306961 0.0308994 0.0126462 0.0271742 0.0415981 0.0452823 0.0291466 0.0290972 0.0299814 0.0299814 0.0327672 0.0326285 0.0290972 0.0308395 0.0294677 0.0282810 0.0282985 0.0315791 0.0334006 0.0014999 0.0014913 0.0358605 0.0352100 0.0349116 0.0363181 0.0352715 0.0355309 0.0363679 0.0382619 0.0000000 0.0356067 0.0350275 0.0372519 0.0370759 0.0368788 0.0378365 0.0373573 0.0361857 0.0369516 0.0361348 0.0355612 0.0345268 0.0362868 0.0341784 0.0362663 0.0359167 0.0357855 0.0377416 0.0347397 0.0346586 0.0362754 0.0356626 0.0036542 0.0357489 0.0357466 0.0359687 0.0359625 0.0386298 0.0409328 0.0000010 0.0395441 0.0401505 0.0375868 0.0362835 0.0360711 0.0391126 0.0359517 0.0388515 0.0388631 0.0388072 0.0357404 0.0352528 0.0385647 0.0383406 0.0366626 0.0356489 0.0376236 0.0374687 0.0374687 0.0355146 0.0380550 0.0356091 0.0371898 0.0388080 0.0405979 0.0412990 0.0368063 0.0357446 0.0364785 0.0371851 0.0406873 0.0405519 0.0401304 0.0287282 0.0388245 
barcode73/ARTIC/medaka     0.1865888 0.2145730 0.2145730 0.1045206 0.1045206 0.1279233 0.0117651 0.0179469 0.0128885 0.0457906 0.0097563 0.0381500 0.0403736 0.0098360 0.0019054 0.0028665 0.0028665 0.0057820 0.0067687 0.0019054 0.0038296 0.0028692 0.0009523 0.0009504 0.0169050 0.0179453 0.0325680 0.0311989 0.0016136 0.0116273 0.0159669 0.0033351 0.0148361 0.0156526 0.0156242 0.0169946 0.0356067 0.0000000 0.0009481 0.0129538 0.0125379 0.0125003 0.0129751 0.0170018 0.0165650 0.0131562 0.0034326 0.0018430 0.0011599 0.0150607 0.0148452 0.0155507 0.0152298 0.0032393 0.0170145 0.0009465 0.0147241 0.0152442 0.0037217 0.0341663 0.0158616 0.0158693 0.0168368 0.0171561 0.0188013 0.0344774 0.0000010 0.0355507 0.0341278 0.0054771 0.0125443 0.0040267 0.0413427 0.0173653 0.0189025 0.0187994 0.0191108 0.0169425 0.0168347 0.0191212 0.0023938 0.0128618 0.0107378 0.0134803 0.0040646 0.0040646 0.0167525 0.0191012 0.0168270 0.0185285 0.0172483 0.0343662 0.0347286 0.0156691 0.0025663 0.0117381 0.0373889 0.0386050 0.0342228 0.0334550 0.0188140 0.0321627 
